Index	Number	Residue	rank_001.pdb	rank_002.pdb	rank_003.pdb	rank_004.pdb	rank_005.pdb
0	1	3	31.28	23.62	46.38	32.59	32.06
1	2	4	32.47	30.91	32.09	35.09	31.22
2	3	5	26.88	29.19	25.69	35.38	29.41
3	4	6	29.48	34.44	41.59	33.44	30.61
4	5	7	32.81	38.5	27.81	37.97	32.81
5	6	8	29.59	39.16	28.58	31.09	30.86
6	7	9	31.31	50.84	32.72	34.72	35.41
7	8	10	29.67	49.84	28.75	29.25	29.89
8	9	11	34.75	57.31	29.98	30.73	31.23
9	10	12	35.72	57.03	27.73	24.11	33.28
10	11	13	35.34	58.62	32.47	35.66	36.72
11	12	14	40.59	56.84	29.95	29.47	34.09
12	13	15	37.5	59.66	30.83	24.08	33.34
13	14	16	36.16	58.91	32.75	31.25	37.59
14	15	17	35.88	56.03	28.92	29.69	36.47
15	16	18	34.25	56.28	28.73	25.42	34.41
16	17	19	35.34	55.41	33.81	26.28	30.42
17	18	20	37.41	53.56	37.75	29.58	30.33
18	19	21	32.69	47.06	34.25	27.95	29
19	20	22	29.61	44.66	29.78	26.53	27.84
20	21	23	33.19	42.84	30.67	27	29.28
21	22	24	32.16	44.59	34.5	31.92	27.5
22	23	25	35.75	50.03	37	29.89	31.27
23	24	26	40.12	47.03	42.59	33.22	34.12
24	25	27	37.75	44.19	37.69	30.64	32.53
25	26	28	39.78	45.38	41.59	32.09	34.16
26	27	29	38.28	48.41	42.25	38.81	37.84
27	28	30	36.56	40.34	32.22	28.92	33.19
28	29	31	35.97	42.84	31.16	32.25	34.59
29	30	32	35.81	40.12	31.86	34	39.84
30	31	33	36.59	39	33.25	42.16	37.38
31	32	34	44.72	48.31	45.5	51.16	44.53
32	33	35	48.88	52.34	52.22	54.62	46.72
33	34	36	59.41	59.59	58.91	61.78	58.84
34	35	37	62.88	64.75	69	69.31	60.62
35	36	38	73.56	71.19	75.94	76.88	66.62
36	37	39	76.38	68.62	71.12	74.25	70.25
37	38	40	81.44	77	80.06	81.12	74.25
38	39	41	81	78.25	78.12	82.38	72.56
39	40	42	75.81	73.62	77.81	77.94	71.38
40	41	43	80.31	77.44	80.38	82.25	73.81
41	42	44	86.12	83.38	86.06	85	80.81
42	43	45	84.25	82	82.62	83.88	77.94
43	44	46	79.44	80.12	81.69	81.62	74.88
44	45	47	86.5	83.75	86.06	87.38	81.56
45	46	48	88.88	87	87.88	88.38	85.75
46	47	49	88.06	85.69	86.69	87.75	85
47	48	50	87.69	84.75	86.94	87.69	83.25
48	49	51	90.06	87.31	88.5	89	85.81
49	50	52	90.12	87.38	87.44	88	85.81
50	51	53	90.12	87.56	89.38	88.81	86
51	52	54	90.06	87.12	88.56	90.12	86.56
52	53	55	89.06	85.25	88.94	89.31	85.62
53	54	56	83.44	80.81	75.38	82.62	77.81
54	55	57	86.19	80.62	82.31	85.94	80.56
55	56	58	88.56	86.19	87.56	87.19	84.38
56	57	59	86.69	82.62	84.56	85.75	82.88
57	58	60	84.56	80	78.88	83.94	79.19
58	59	61	89.44	85.44	86.19	87.06	85
59	60	62	88.44	85.12	86.19	86.69	84.81
60	61	63	84.25	78.62	80.5	82.25	78.75
61	62	64	87.06	82.19	82.31	84.31	83.44
62	63	65	89	86.75	86.44	86.38	85.69
63	64	66	90.12	88.06	87.56	86.75	87.31
64	65	67	90.12	88.81	89	86.81	87.56
65	66	68	92.56	90.62	90.44	88.56	89.94
66	67	69	92.44	89.94	88.69	87.62	89.19
67	68	70	92.81	90.06	90.56	88.75	89.69
68	69	71	89.19	88.62	87.06	86	83.88
69	70	72	88.25	86.12	87.25	85.5	84.38
70	71	73	88.94	85.44	87.5	85.19	83.5
71	72	74	86.69	84.5	86.31	83.5	81.12
72	73	75	80.25	78.38	82.06	79.19	74.81
73	74	76	80.81	76.31	78.81	76.5	73.56
74	75	77	77	72.56	74.25	73.62	70
75	76	78	80.69	77.12	77.81	74.38	71.06
76	77	79	82.38	79.31	80.25	77.44	76.56
77	78	80	74.81	73.06	70.88	69.81	68.38
78	79	81	75.19	67.88	70.19	67.75	67
79	80	82	68.5	65.31	68.12	68.69	64.31
80	81	83	70.62	61.81	67.75	70.44	68.62
81	82	84	64.44	59.16	67.69	69.06	61.72
82	83	85	67.19	58.44	66.19	70.69	63.69
83	84	86	72	59.75	70.94	72	67.19
84	85	87	67.75	56.81	64.75	71.31	65.06
85	86	88	64.38	53.44	61.53	67.06	61.81
86	87	89	71.94	58.78	67.19	71	65.44
87	88	90	65.06	59.28	64.44	70.06	64.62
88	89	91	70.94	60.22	67.69	69.81	65
89	90	92	72.56	62.66	71.12	69.75	67.88
90	91	93	73.56	67.12	66	67.5	69.31
91	92	94	74.5	66.44	71.19	69.75	74.69
92	93	95	80.75	70.75	77.75	74.69	78.5
93	94	96	84.5	79.75	83.19	79.94	82.94
94	95	97	89.56	86.81	88.06	82.94	87.81
95	96	98	89.56	86.56	86.5	81.38	88.12
96	97	99	91.38	88.5	89.25	82.12	89.75
97	98	100	89.94	87.88	89.75	84.62	87.38
98	99	101	90.69	87.56	88.75	84.31	88.06
99	100	102	91.25	88.12	90.44	85.69	88
100	101	103	90.56	89.19	91.12	86.5	89.12
101	102	104	93.12	91.5	92.44	89.44	90.88
102	103	105	93.12	91.62	92.81	87.81	91.31
103	104	106	94.19	92.75	92.38	89.38	91.81
104	105	107	94.06	91.69	91.88	88.81	91.38
105	106	108	95.44	93.62	94.12	91.44	93.44
106	107	109	95	93.19	93.69	90.94	91.69
107	108	110	94.44	92.75	93.38	90.69	90.31
108	109	111	91.25	89.94	89.44	87.88	86.88
109	110	112	88.56	86.62	87.19	84.62	82.38
110	111	113	91.94	90.38	91.12	88.88	85.94
111	112	114	93.06	92.19	92	90.44	88.81
112	113	115	90.88	89.5	89.94	88.12	85.62
113	114	116	90.12	87.94	89.31	87.38	85.75
114	115	117	91.81	90.38	90.88	89.19	87.19
115	116	118	92.69	91.81	92.69	90.5	89.81
116	117	119	90.81	88.62	90.06	88.12	86.31
117	118	120	89.19	87.06	89.25	87.19	85.44
118	119	121	90.19	88.69	90.38	88.38	87
119	120	122	90.56	89.38	90.12	89.81	88.06
120	121	123	90.81	87.62	89.19	88.62	87.88
121	122	124	89.81	85.06	86.12	88.69	86.88
122	123	125	89.25	87.38	87.62	88.25	85.5
123	124	126	91.31	88.62	89.44	88.75	87.06
124	125	127	89.06	85.75	86	85.25	82.38
125	126	128	89.75	85.94	87	86.5	84.81
126	127	129	91.12	88.62	89.56	87.62	86.19
127	128	130	89.62	86.94	87.56	86.75	84.5
128	129	131	88.12	86.38	86.31	85.31	83.19
129	130	132	88.94	86.06	86.06	86.06	82.94
130	131	133	87.25	84.75	86.44	84.69	82
131	132	134	84.56	82.19	83.81	81.12	77.75
132	133	135	84.94	81.56	82.75	80.81	79
133	134	136	83.94	82	83.75	80.81	77.31
134	135	137	83.62	80.5	83.5	80.31	80.06
135	136	138	85.75	83.06	84.88	84.12	82.5
136	137	139	88.69	86.94	90	87.12	84.94
137	138	140	91.88	89.81	91.38	89.69	88.88
138	139	141	88.06	85.69	87.19	86.88	83.19
139	140	142	85.5	82.56	83.75	84.31	80.88
140	141	143	87.94	84.5	86.25	85.94	82.88
141	142	144	86.88	83	85.62	85.44	80.75
142	143	145	80.06	77.75	80.56	80.12	75.38
143	144	146	80.69	76.62	81.31	80.38	75.62
144	145	147	81.06	76.06	79.62	80.38	73.56
145	146	148	76.19	71.44	74.81	75.5	69.38
146	147	149	76.31	73.62	75.06	75.31	70.75
147	148	150	81.88	77.5	81.19	78.94	76.12
148	149	151	77.69	73.19	75.81	74.5	71.25
149	150	152	74.94	69.12	74.75	68.31	67.94
150	151	153	73.19	67.75	78.94	66.44	65.62
151	152	154	73.94	67.88	76.31	64.31	68
152	153	155	77.44	68.88	76.62	67.69	69.69
153	154	156	78.88	72.38	80.25	70	72.06
154	155	157	78.19	73.25	78.69	69.38	71.31
155	156	158	78.06	70.94	79.69	67.81	70.56
156	157	159	81.19	75.12	81.06	70.38	71.25
157	158	160	79.06	75.12	81.31	72.44	71.56
158	159	161	78.25	75.69	78.44	71.69	70.25
159	160	162	82.31	77.38	78.75	74.19	73.19
160	161	163	82.56	77.88	78.81	77.94	73.75
161	162	164	78.88	75.88	74.5	74.62	68.19
162	163	165	77.06	74.19	60.5	72.88	68.31
163	164	166	77.12	64.94	52.41	71.25	67.38
164	165	167	79.12	64.06	34.88	75.94	70.81
165	166	168	70.88	52.97	41.72	68.19	58.44
166	167	169	65.81	44.66	38.47	59.88	53.59
167	168	170	52.53	44.75	46.97	54.47	51.34