    11.949      7.832      0.730      5233651 
    11.953      6.973      0.730     15677672 
    11.956      9.305      0.730      8647161 
    11.959      3.713      0.727     23932648 
    11.962      4.069      0.727     40526640 
    11.966      2.187      0.728     19428824 
    11.968      1.890      0.728     29209270 
    11.975      1.325      0.727     77131904 
    11.978      1.646      0.727     20048418 
    11.985      7.234      0.727      7742590 
    11.988      7.644      0.735      4487632 
    11.995      8.912      0.734      5867106 
    12.001      9.125      0.727     11264872 
    12.007      2.935      0.730      8266630 
    12.010      4.333      0.725      6645408 
    12.010      2.509      0.730      4608022 
    12.024      3.097      0.726     12802533 
    13.810      7.724      0.926      6222146 
    13.823      2.972      0.926      8183360 
    13.827      1.500     -0.067      4320083 
    13.836      8.210      0.930      7796432 
    13.844      3.624     -0.070      5111958 
    13.847      3.619      0.928     10803410 
    13.853      0.370     -0.067     10179233 
    13.856      1.172     -0.069     21513644 
    13.857      8.339      0.928     18082830 
    13.858      6.837     -0.068      6355960 
    13.861      3.738      0.927     14298140 
    13.861      1.950      0.927     78910664 
    13.861      7.387     -0.070      6378498 
    13.862      6.288     -0.069      7756483 
    13.862      7.041     -0.070      6460714 
    13.864      8.269     -0.070      6803441 
    13.866      0.958     -0.069     61505932 
    13.867      0.681     -0.069     13693793 
    13.868      3.187     -0.067     15898382 
    13.874      1.762     -0.069     14435614 
    13.879      6.547      0.933      7164651 
    13.881      3.957      0.927     28321800 
    13.887      3.344      1.138      4515090 
    13.899      7.055      0.927      8408321 
    13.902      4.290     -0.073      3367436 
    13.907      8.336      0.367      9359549 
    13.931      4.370      0.365      4526058 
    13.934      4.327      1.141     11333339 
    13.944      6.612      0.376      5449724 
    13.950      0.787      0.368     40303380 
    13.952      7.051      0.369     15876274 
    13.953      4.057      0.370     11341161 
    13.953      2.780      1.141     17959084 
    13.953      4.516      1.139     18179942 
    13.957      3.747      1.141     12320434 
    13.958      1.328      0.368     25639020 
    13.958      0.942      0.369     80205656 
    13.959      0.672      0.369     63573204 
    13.961     -0.074      0.367     28258156 
    13.965      1.754      0.368     26521188 
    13.966      2.215      1.141     21312790 
    13.968      8.573      1.140      8704375 
    13.968      0.839      1.141     67245192 
    13.969      2.901      0.368     15129012 
    13.971      4.193      1.138     10766440 
    13.978      3.194      0.368      9822082 
    13.984      1.573      1.140     34559732 
    13.984      6.916      1.143     13686700 
    14.032      7.486      1.136      4127008 
    14.346      2.155      0.597      7286225 
    14.351      3.540      0.599     11818671 
    14.380      1.131      0.597     27420636 
    14.385      3.764      0.433      4612206 
    14.392      0.102      0.597     33964408 
    14.402      3.783      0.596     13450845 
    14.423      0.767      0.597     31189766 
    14.427      6.611      0.601      7777852 
    14.431      6.901      0.434      6279168 
    14.447      2.914      0.434      7637346 
    14.449      4.566      0.440      4517458 
    14.449      4.000      0.435     13890832 
    14.451      8.381      0.595      4605266 
    14.461      7.332      0.600      8264297 
    14.466      1.576      0.593     18156920 
    14.467      6.888      0.591      6592142 
    14.469      6.734      0.433     14738847 
    14.469      2.883      0.590      6377746 
    14.474      1.656      0.434     29218236 
    14.480      0.751      0.431     18433412 
    14.483      6.365      0.431      8607848 
    14.513      2.737      0.432      9612072 
    15.231      0.450      0.737     17332918 
    15.249      0.104      0.737     24997204 
    15.254      1.373      0.736     30623924 
    15.256      1.002      0.737     72809560 
    15.257      1.588      0.737     49283120 
    15.259      6.739      0.736     19797748 
    15.264      1.705      0.737     50561420 
    15.267      3.998      0.735     10650589 
    15.271      6.989      0.737     10807308 
    15.277      3.719      0.736     13586779 
    15.294      4.170      0.735      8559627 
    15.372      2.912      0.739      5426588 
    15.440      2.674      1.039      3340519 
    15.471      3.835      1.039     19820710 
    15.482      2.996      1.036      4696353 
    15.484      1.806      1.040     36977604 
    15.490      0.830      1.040     67720848 
    15.492      6.656      1.038     16318624 
    15.492      1.522      1.040     41022612 
    15.493      8.171      1.042      9014870 
    15.495      2.152      1.039     35069792 
    15.499      0.595      1.041     19540586 
    15.512      4.336      1.038      7614035 
    15.538      7.346      1.040     10449874 
    15.603      8.345      1.037      7589416 
    15.657      3.329      1.037      4883784 
    16.504      6.812      1.709      6668680 
    16.562      4.513      1.715     15606876 
    16.573      6.322      1.710      7436712 
    16.579      6.955      1.714     15240888 
    16.583      4.333      1.714     28463574 
    16.585      7.905      1.714     13602978 
    16.587      8.514      1.715     14488474 
    16.592      6.586      1.707      4039372 
    16.595      7.249      1.706      4935212 
    16.922      9.578      0.990      9965084 
    16.938      9.454      0.991     20447264 
    16.952      9.112      0.289      9701853 
    16.959      2.227      0.993     10717125 
    16.964      4.556      0.292      5247092 
    16.990      8.609      0.987      4852075 
    16.991      6.338      0.287     18375330 
    16.993      1.108      0.286     13168648 
    16.995      2.823      0.287     14043788 
    17.004      3.049      0.288     24628060 
    17.008      2.675      0.990      5886544 
    17.008      1.658      0.287     42051096 
    17.008      6.708      0.288     11530070 
    17.010      6.909      0.287     15160789 
    17.013      3.996      0.992      8813989 
    17.018      3.790      0.289     21916010 
    17.031      4.213      0.994      9243081 
    17.038      8.146      0.292      5449464 
    17.057      0.833      0.288     13619864 
    17.067      2.509      0.286      8281572 
    17.078      1.669      0.988     43340868 
    17.144      3.786      0.100     17321224 
    17.160      1.550      0.101     28846638 
    17.161      1.373      0.986     39179552 
    17.163      7.267      0.103      6928392 
    17.169      8.386      0.100      5953562 
    17.171      6.869      0.102      6868796 
    17.173      0.614      0.100     36595140 
    17.176      2.895      0.100     17039444 
    17.181      1.705      0.105      8031610 
    17.182      0.733      0.100     29570684 
    17.185      6.563      0.099      7811583 
    17.187      1.139      0.101     17530442 
    17.692      9.126      0.944      5696468 
    17.718      3.984      0.967     21231326 
    17.743      1.951      0.967     81261880 
    17.744      8.321      0.964     18107168 
    17.744      3.616      0.959     52891708 
    17.747      4.411      0.968     11190565 
    17.747      7.054      0.950     26347182 
    17.754      8.248      0.962     19165320 
    17.759      0.370      0.948     43316616 
    17.764      2.968      0.967     17702954 
    17.764     -0.074      0.947     56142952 
    17.784      2.418      0.969      6071056 
    17.785      3.153      0.959      9392749 
    17.791      3.111      0.780      8191058 
    17.803      6.973      0.781      8228522 
    17.821      9.123      0.776     17786906 
    17.826      7.235      0.777     17876052 
    17.828      1.888      0.780     53749924 
    17.829      1.324      0.779     45046684 
    17.830      4.070      0.779     29631532 
    17.841      0.534      0.780     43984868 
    17.848      3.712      0.778      8471903 
    17.851      7.615      0.776      9019541 
    17.901      7.845      0.777      3941514 
    17.937      4.466      0.780      3913074 
    18.133      6.563      2.194      9796123 
    18.146      4.200      2.196     10982213 
    18.187      9.958      2.192      5578306 
    18.190      6.841      2.202     12258355 
    18.204      3.012      2.199     22092404 
    18.236      7.393      2.206     17504354 
    18.309      7.753      1.574     65091256 
    18.334      4.484      1.571     27632718 
    18.347      4.229      1.573    120096216 
    18.401      7.967      1.564     56849772 
    18.492      2.629      1.147      3533742 
    18.497      3.768      1.143     50639296 
    18.500      1.942      1.143     13545519 
    18.503      8.333      1.548     87330584 
    18.510      4.109      1.551    103017712 
    18.519      8.385      1.141     44562000 
    18.520      4.326      1.130      4186775 
    18.528      0.600      1.143     21868104 
    18.554      0.101      1.143     10514516 
    18.655      3.744      1.563     58728520 
    18.661      8.087      0.669      6631076 
    18.686      6.947      1.563     11914996 
    18.693      3.364      0.670      6482628 
    18.693      8.753      1.564      6574182 
    18.706      2.898      0.666      9313207 
    18.708      0.873      1.564     87996320 
    18.711      8.526      1.562     46951584 
    18.715      6.605      0.667     11188037 
    18.730      0.373      0.669     57409932 
    18.733      6.979      0.660      8676818 
    18.733      7.115      0.655     14623169 
    18.734      4.057      0.669     37747468 
    18.736     -0.072      0.669     21017326 
    18.736      3.191      0.668      5403981 
    18.740      8.348      0.668     26275144 
    18.742      1.736      0.669     36093780 
    18.752      1.332      0.669     18303130 
    18.753      0.770      1.565     52079600 
    18.766      0.948      0.668     35919796 
    18.772      2.641      0.667      4908100 
    18.782      4.332      0.662      4724900 
    18.788      7.336      0.987      5642146 
    18.789      0.946      1.415     10744485 
    18.807      6.656      0.994     15829575 
    18.825      3.732      0.993     22155308 
    18.834      4.371      0.993     28099428 
    18.837      2.148      0.993     45799868 
    18.840      4.204      0.989     11587293 
    18.845      8.341      1.408     18930598 
    18.845      6.731      1.408     27706134 
    18.846      3.865      0.994     22554632 
    18.851      0.598      0.994     29872284 
    18.851      6.402      1.411     14222037 
    18.860      3.420      1.408     44320084 
    18.863      8.164      1.408     39183352 
    18.864      8.168      0.993     27539858 
    18.865      3.647      1.338     14423141 
    18.867      7.695      0.997      5272846 
    18.876      8.150      1.336     15486783 
    18.879      6.556      1.408     18880930 
    18.879      8.153      1.496     27875876 
    18.888      0.978      1.507     39690468 
    18.902      7.605      1.502     63491724 
    18.902      4.020      1.503     26088160 
    18.918      8.339      1.323      6384782 
    18.996      4.001      1.323     11602560 
    19.027      4.316      1.331      9980854 
    19.042      0.911      1.321     58290828 
    19.057      4.320      1.471    134234736 
    19.061      3.833      1.322     89873168 
    19.066      7.563      1.321     64716568 
    19.078      7.181      1.469    110690072 
    19.100      4.502      1.321      8610534 
    19.530      6.557      0.546      6038033 
    19.557      4.067      0.548     10866019 
    19.565      4.313      0.548      8630966 
    19.581      7.380      0.547     16502498 
    19.584      1.990      0.548     25314142 
    19.584      0.804      0.548     44608192 
    19.594      8.207      0.550      6310924 
    19.647      0.882      0.547     40061960 
    19.662      3.822      0.547      8162876 
    19.868      8.760      0.856      6281892 
    19.874      6.930      0.855     14444066 
    19.879      2.704      0.854     12064789 
    19.881      2.221      0.853     60444484 
    19.888      1.139      0.854     67603136 
    19.903      4.227      0.854     35724568 
    19.904      1.581      0.853     28190726 
    19.925      9.451      0.853      3718587 
    20.594      8.245      0.913     39957676 
    20.827      2.071      0.914    113053992 
    20.946      3.078      0.980      9818101 
    20.960      6.588      0.977     20168364 
    20.965      8.327      0.961     27536954 
    20.967      9.132      0.980      9759280 
    20.969      0.511      0.979     14127114 
    20.977      7.630      0.975     13530205 
    20.988      3.674      0.974     35563572 
    20.993      6.861      0.978      7676380 
    20.999      4.099      0.957     12283149 
    21.050      2.866      0.967      5228604 
    21.075      1.638      0.795      5032510 
    21.141      8.609      0.792      7862128 
    21.167      1.325      0.666      4104593 
    21.169      2.127      0.791     42891408 
    21.173      1.298      0.789      7502278 
    21.178      3.178      0.791     26776016 
    21.180      8.673      0.969      9723993 
    21.183      8.782      0.789     11428931 
    21.186      4.569      0.652      9260564 
    21.188      9.108      0.655      5662662 
    21.191      1.709      0.683     10487723 
    21.195      2.904      0.654     20756698 
    21.196      0.357      0.789     38172092 
    21.197      7.607      0.656      5089206 
    21.203      4.069      0.784     18046094 
    21.216      3.065      0.654     10346306 
    21.216      1.913      0.653     35583972 
    21.219      6.548      0.778      6073448 
    21.221      8.241      0.656     10478666 
    21.223      2.718      0.780      3367380 
    21.224      2.602      0.788      6363052 
    21.232      3.676      0.657     14463049 
    21.239     -0.067      0.789     11812842 
    21.242      4.307      0.783     38736512 
    21.252      1.999      0.783     55621572 
    21.276      7.381      0.778     11411109 
    21.278      4.142      0.653      6919708 
    21.295      8.205      0.777     11849882 
    21.298      1.473      0.655      7121397 
    21.320      7.847      0.656      6563024 
    21.343      4.175      0.882     90160312 
    21.352      7.635      0.873     25257838 
    21.384      2.229      0.929     86105792 
    21.405      6.769      0.930      8778006 
    21.413      3.654      0.933     43418880 
    21.482      7.815      0.929      7697614 
    21.494      8.745      0.877     10248112 
    21.598      7.479      1.297     30953952 
    21.598      6.797      1.297      5029390 
    21.598      6.905      1.292      4445658 
    21.600      4.526      1.300    101458120 
    21.635      9.032      1.298     16301827 
    21.792      6.866      0.876     23656954 
    21.900      7.735      0.884     11016432 
    21.900      3.815      0.884     34299624 
    21.900      1.724      0.893     36217844 
    21.960      7.159      0.876     26585802 
    22.056      8.309      1.285     16650664 
    22.079      4.288      1.284     65597928 
    22.103      6.912      1.285     12544728 
    22.103      4.481      1.284    131644824 
    22.119      8.890      1.285     14380715 
    22.138      8.022      1.284     22279296 
    22.238      4.197      0.806     75852320 
    22.242      1.711      0.807     68375880 
    22.256      7.708      0.814      3767820 
    22.263      1.392      0.807     34840428 
    22.270      8.760      0.807     14047624 
    22.907      4.450      1.213      5712298 
    22.920      8.385      1.034      9434878 
    22.924      7.731      1.035     40076804 
    22.943      1.713      1.034     55678136 
    22.949      3.804      1.035     39784704 
    23.025      6.746      0.912      9029540 
    23.027      8.408      1.214      9127918 
    23.041      7.006      1.213     14744598 
    23.048      4.672      1.213     31754534 
    23.060      6.865      1.212     21596542 
    23.064      6.727      1.212     21202858 
    23.068      6.605      1.212     19447462 
    23.070      3.539      1.212     26281432 
    23.084      0.584      1.214      6787218 
    23.089      2.910      1.213      4187429 
    23.100      2.243      0.908     54012224 
    23.111      7.829      0.908     36608072 
    23.113      1.327      0.908     44788752 
    23.117      3.830      0.909     60772832 
    23.120      4.068      0.912      6550264 
    23.154      2.178      1.027     12801829 
    23.159      3.651      0.910     39534768 
    23.166      6.562      0.915      4826274 
    23.184      7.569      0.909      4583370 
    23.187      8.364      0.909      8275847 
    23.274      0.554      0.909     35796076 
    23.394      4.253      0.815     29973980 
    23.398      1.576      0.815     35542984 
    23.425      8.242      0.530     29958744 
    23.425      1.912      0.529     34169532 
    23.427      2.904      0.529     25223920 
    23.428      7.040      0.530     14077583 
    23.429      1.339      0.528      4596408 
    23.432      6.867      0.531      8530499 
    23.442      3.705      0.530     10180464 
    23.487      9.116      0.528      6257744 
    23.865      8.735      0.896      3951008 
    23.896      4.260      0.899      9805220 
    23.921      2.907      0.890      4484883 
    23.935      3.101      0.892      7060897 
    23.948      3.672      0.897     47199248 
    23.950      8.327      0.896     13020958 
    23.967      2.046      0.896     58124184 
    23.987      9.130      0.897     37647088 
    24.004      0.378      0.897     27777596 
    24.165      3.640      0.828      4905304 
    24.237      6.936      1.277      7973176 
    24.280      0.745      1.276     20233118 
    24.329      4.331      0.821      7510529 
    24.380      2.184      0.821     27745518 
    24.386      6.679      0.821      9998614 
    24.388      2.221      1.279      7751824 
    24.400      2.957      1.414     34540532 
    24.400      4.289      1.418     18475370 
    24.400      8.275      1.414      5772564 
    24.414      8.757      0.827      4985612 
    24.417      8.344      0.820      6917916 
    24.417      3.001      0.822     29071048 
    24.421      1.675      0.821     69602248 
    24.431      3.839      0.825     12023833 
    24.443      0.329      0.823      6368102 
    24.472      7.354      0.818      5246566 
    24.487      7.602      0.822      4014264 
    24.500      8.188      1.466      9978024 
    24.500      8.196      1.390      6254692 
    24.539      0.582      0.822     19600076 
    24.679      9.108      1.472      8612359 
    24.715      9.109      1.594      6548343 
    24.777      4.572      1.595     10926229 
    24.866      4.323      1.591     18855346 
    24.895      4.296      1.415     56401228 
    24.909      8.474      1.422     13886767 
    24.934      8.827      1.466      9165707 
    25.013      8.510      1.567      5343274 
    25.035      8.832      1.662     11215626 
    25.037      7.814      1.607     15084624 
    25.047      4.071      1.597     19618716 
    25.118      8.980      1.424      5717136 
    25.152      7.596      1.372      6912312 
    25.180      7.167      0.956      5174245 
    25.190      1.733      0.953     17987988 
    25.203      6.857      0.960      5940777 
    25.206      3.888      0.954     16028334 
    25.210      3.021      0.958      9991118 
    25.216      8.747      0.952     11406644 
    25.219      7.462      0.956     10579648 
    25.221     -0.075      0.953     14382008 
    25.226      3.399      0.955     14748890 
    25.244      0.371      0.954     15553598 
    25.248      7.598      1.520     12295632 
    25.255      7.040      0.955     12399508 
    25.269      2.622      0.954     27997104 
    25.282      2.134      0.954     45798688 
    25.288      3.181      0.953     40584720 
    25.289      4.381      0.953     50625908 
    25.291      8.601      0.955     42535164 
    25.297      4.057      0.953      8871805 
    25.362      2.995      0.817     18196816 
    25.427      3.838      0.819     15359798 
    25.452      2.191      0.818     42764308 
    25.454      1.673      0.817     78359360 
    25.454      7.347      0.824      4331873 
    25.515      6.676      0.815      6274744 
    25.527      8.349      0.815      5889848 
    25.533      8.746      0.815      5013908 
    25.650      3.893      2.080     11314066 
    25.666      3.072      2.078      6903693 
    25.679      1.911      2.079     64955052 
    25.682      2.079      1.914     54694600 
    25.703      3.889      1.914     13555157 
    25.704      1.410      1.913     16815794 
    25.706      1.413      2.081     21870462 
    25.750      1.331      1.077     31281912 
    25.784      8.344      1.326     10445449 
    25.797      1.719      1.088     12465623 
    25.804      1.078      1.323     28497196 
    25.805      2.903      1.074      8861691 
    25.819      0.356      1.081     17091664 
    25.822      7.684      2.090      3348094 
    25.823      8.083      1.078      4548982 
    25.829      8.355      1.070      6624396 
    25.829      0.362      1.319     11564484 
    25.829      7.670      1.906      3104331 
    25.875      0.668      1.321      9291757 
    25.912      3.696      0.183     10582595 
    25.912      2.743      1.124      9250173 
    25.933      1.121      0.184     64440744 
    25.944      0.186      1.127     45298412 
    25.955      2.745      0.183     11970134 
    25.967      3.692      1.125     11559624 
    25.971      1.689      0.183      8090780 
    25.982      4.541      0.179      4474794 
    26.081      4.206      1.125      3770608 
    26.109      1.599      0.888     36709172 
    26.114      7.705      1.819      3456612 
    26.159      3.748      0.882     17563652 
    26.169      8.746      0.884      8370668 
    26.169      1.387      0.884     25905320 
    26.214      8.182      1.808     10157202 
    26.223      1.709      0.885     61706292 
    26.235      1.024      1.808     21332674 
    26.246      1.520      1.809     25008340 
    26.252      3.839      1.808      9935678 
    26.263      1.020      1.513     28631710 
    26.266      8.166      1.510      9906412 
    26.267      2.158      1.813      6293374 
    26.285      3.846      1.512      6069098 
    26.298      2.150      1.511     12991579 
    26.321      2.227      0.890      6083398 
    26.389      4.226      0.889     10392147 
    26.442      0.857      1.712     62433536 
    26.475      8.528      1.461      4970450 
    26.479      3.639      1.679      5606314 
    26.494      4.566      1.474     13331779 
    26.511      8.752      1.718     11730139 
    26.549      3.647      1.471      5345465 
    26.582      1.484      1.668     98450120 
    26.601      3.086      1.471     26395082 
    26.611      3.076      1.669     25371366 
    26.626      8.523      1.659      4455896 
    26.631      4.565      1.669     10539069 
    26.946      8.345      1.684      9801808 
    27.009      8.236      1.576     15132949 
    27.069      4.256      1.577     10318260 
    27.118      3.842      1.574      5411917 
    27.160      1.713      2.255      5489636 
    27.217      6.965      1.322      7496798 
    27.223      4.065      1.317     12203742 
    27.228      7.380      0.984      5396424 
    27.231      7.234      1.318     21250226 
    27.237      3.932      1.319     18184868 
    27.243      0.751      1.317     60339444 
    27.256      0.938      1.750     27092724 
    27.257      4.227      1.419      7136346 
    27.258      0.857      2.236     10877919 
    27.269      7.656      1.413     11952545 
    27.275      3.100      1.391     30999794 
    27.282      3.892      1.387     19589678 
    27.305      1.907      1.416     31985228 
    27.311      9.451      2.233      9531391 
    27.319      8.365      1.755     20128332 
    27.331      4.200      1.745     26455998 
    27.350      2.684      2.255     15542885 
    27.351      0.978      2.249      5733238 
    27.361      2.566      2.241     16361070 
    27.374      8.345      3.297      6218462 
    27.408      7.355      3.280      4948574 
    27.409      4.238      2.253     15481247 
    27.415      8.902      3.296      6758626 
    27.453      2.654      3.296     17508722 
    27.467      7.081      1.968      4071659 
    27.493      3.296      2.655     20321416 
    27.495      1.772      1.164      7159777 
    27.502      8.910      2.654      6917589 
    27.509      3.051      3.287      7530388 
    27.512      3.054      2.659      7699714 
    27.517      3.785      3.296      5025164 
    27.519      0.973      1.167     25791132 
    27.525      7.320      1.682      6375925 
    27.535     -0.076      0.985     14599592 
    27.539      7.077      2.025      4099632 
    27.544      0.970      1.970      7031118 
    27.552      2.658      1.959      8958537 
    27.553      1.170      0.985     23605556 
    27.557      4.302      1.161      5011016 
    27.563      1.773      0.981      3391089 
    27.563      0.974      2.028      6426908 
    27.565      3.606      0.987      5183832 
    27.566      3.619      1.162      5295515 
    27.573      8.283      0.999      6131028 
    27.579     -0.072      1.164     12187670 
    27.580      8.266      1.173      8256464 
    27.582      4.297      0.993      6954234 
    27.584      8.336      2.666      3411731 
    27.592      2.975      1.836     12722838 
    27.593      7.698      1.967     17460336 
    27.605      0.834      1.834      9103200 
    27.607      3.652      1.991     42840984 
    27.610      4.372      2.014      8519213 
    27.615      3.968      2.032     14000109 
    27.619      3.278      1.682     57955352 
    27.622      7.695      2.035     17537828 
    27.623      4.096      2.024     10696630 
    27.630      7.980      1.837     15124019 
    27.635      4.121      1.673     21747076 
    27.637      7.850      1.681     20692374 
    27.659      2.653      2.038     12039114 
    27.740      3.787      0.556      3748672 
    27.758      1.580      0.529     18554120 
    27.769      6.908      1.564      7517152 
    27.774      3.795      1.556      6042854 
    27.779      7.384      1.178      3895271 
    27.815      6.908      0.516      3384411 
    27.819      0.520      1.566     31872628 
    27.826      0.295      0.528      6156524 
    27.856      3.988      1.559      3476229 
    27.860      0.290      1.565      7160914 
    28.201      4.036      1.970     14634883 
    28.297      2.305      1.886      9773978 
    28.357      7.270      1.887     15430058 
    28.367      7.273      1.971     12087668 
    28.379      4.031      1.886     16352899 
    28.392      9.115      1.685      5678958 
    28.401      8.159      1.965      4673170 
    28.404      8.158      1.886      5177654 
    28.450      4.574      1.680     32785124 
    28.483      2.184      1.885     15662250 
    28.601      2.173      1.989     20735464 
    28.679      0.101      0.298      8105903 
    28.697      0.097      0.800      6263808 
    28.701      0.597      0.294     12531345 
    28.707      0.598      0.797     14225808 
    28.731      6.891      0.795      5473430 
    28.738      0.296      0.793     19257208 
    28.744      0.797      0.295     19189184 
    28.763      1.347      2.157      7690764 
    28.772      1.025      2.154      9839376 
    28.793      7.740      2.155     15052541 
    28.794      7.545      2.157     30159294 
    28.818      4.010      2.159     23498080 
    28.875      2.361      2.159     71191928 
    28.905      2.887      0.289      3957008 
    29.020      3.720      2.178      8482238 
    29.052      4.289      3.278      6240572 
    29.064      0.743      2.170      7158988 
    29.093      4.436      2.160      6462022 
    29.098      9.303      2.170      9623687 
    29.117      7.068      3.278      8462000 
    29.119      4.291      3.345      7447975 
    29.129      7.082      3.346      7559043 
    29.187      8.227      1.687      6427411 
    29.201      8.153      3.346      4261993 
    29.209      8.154      3.309      4152826 
    29.211      4.300      1.660     64429144 
    29.238      7.597      1.646     10739032 
    29.246      3.718      1.664     29995800 
    29.454      4.014      2.072     46431128 
    29.471      8.222      2.071     45765696 
    29.479      7.158      2.070     16559153 
    29.527      4.551      1.660     31475040 
    29.592      0.948      2.075     14045933 
    29.661      6.393      1.666      9482578 
    29.661      7.960      1.672      9596068 
    29.668      8.521      1.660      8467640 
    29.679      3.635      1.807      9262129 
    29.747      8.528      1.802      4619074 
    29.748      4.201      2.086     13935656 
    29.759      8.843      1.660      6569364 
    29.784      7.969      1.857      8813021 
    29.784      4.568      1.804     24893870 
    29.799      7.975      2.091     14768104 
    29.832      6.392      1.813      6768693 
    29.880      8.727      2.087      7989766 
    29.900      4.242      2.014      9887284 
    29.971      7.086      1.859     20377504 
    29.978      3.042      1.808     38658812 
    29.979      8.732      1.852      4647308 
    29.992      1.590      2.180      7520398 
    30.034      7.084      1.943     17952714 
    30.069      4.488      1.936      8872081 
    30.083      7.316      1.937     10403751 
    30.085      7.846      1.939     33560628 
    30.096      4.141      1.929     42685968 
    30.102      3.839      2.185     24924398 
    30.104      8.243      1.988      9031212 
    30.108      0.826      2.183     24866690 
    30.114      4.194      2.184     18362784 
    30.128      7.805      2.186     17849464 
    30.131      8.732      2.186     22755150 
    30.136      3.241      1.930     19554152 
    30.151      8.475      1.997     10154528 
    30.167      8.468      1.891     15826055 
    30.173      4.165      1.869     51160128 
    30.211      8.120      1.484      4973020 
    30.241      4.017      1.490      8531573 
    30.261      0.434      1.379      4623480 
    30.266      0.730      1.490     22808806 
    30.268      8.324      3.201     10035013 
    30.270      1.492      0.740     15836265 
    30.279      7.158      0.735      8588098 
    30.294      7.155      1.495     12913507 
    30.297      1.867      3.177      8866983 
    30.299      1.876      3.026     14201003 
    30.301      8.132      0.732      5728545 
    30.304      3.996      1.372      6389178 
    30.306      8.313      3.012     15130228 
    30.309      6.930      3.202      3362548 
    30.311      4.430      3.197     28881666 
    30.322      8.290      1.872     25789040 
    30.338      1.718      1.369     38520692 
    30.358      1.497      1.494     51436680 
    30.364      8.341      0.850      5573824 
    30.364      0.907      1.945     36318132 
    30.381      6.596      3.010     13056582 
    30.394      1.949      0.848     26887436 
    30.398      1.371      1.732     34127320 
    30.410      0.749      1.371     15347894 
    30.416      0.991      1.369     18732876 
    30.431      6.941      3.012     24196142 
    30.441      4.000      1.732     11753575 
    30.460      0.744      1.731     13919630 
    30.479      4.528      3.014     95462624 
    30.486      0.434      1.733      8432381 
    30.526      6.644      1.377      4001437 
    30.567      6.655      1.718      5678724 
    30.824      1.077      1.697     91666624 
    31.097      3.706      1.917     11480724 
    31.133      9.111      1.926      7148829 
    31.136      3.706      1.713     14135848 
    31.169      0.657      1.920     26348752 
    31.169      0.533      1.922     25576324 
    31.173      8.243      1.922     16204427 
    31.253      3.190      2.146      5554380 
    31.269      7.730      1.721     13071278 
    31.287      8.389      1.723     11568557 
    31.401      8.752      2.140     12763517 
    31.457      8.602      2.139     17332166 
    31.463      0.797      2.140     32571284 
    31.611      6.607      1.504      5482210 
    31.631      9.956      1.782      4864136 
    31.650      1.320      2.249      4794372 
    31.659      7.466      1.500      8886348 
    31.666      2.593      1.774      6343027 
    31.675      7.826      2.246     17402050 
    31.685      1.759      1.504     23884446 
    31.689      3.840      2.248     14963033 
    31.689      7.460      1.310      6169153 
    31.692      0.924      2.246     82162600 
    31.695      8.368      2.250     18290212 
    31.695      6.860      1.776      3498261 
    31.700      7.142      1.506     25389012 
    31.700      4.108      1.504     24440322 
    31.700      7.290      1.907      7520471 
    31.706      1.980      1.310     11819143 
    31.710      1.315      1.504     92046888 
    31.716      1.768      1.310     21291286 
    31.717      1.978      1.506     19251674 
    31.722      4.113      1.311     24202998 
    31.734      6.893      1.920      4025789 
    31.750      7.137      1.309     12373925 
    31.756      1.506      1.310     71568800 
    31.921      0.974      2.137    110453752 
    31.934      2.817      2.085      6929141 
    31.937      4.334      2.143      5319086 
    31.937      3.845      2.137     30311696 
    31.984      8.302      2.136     30171044 
    31.985      6.948      2.086      3659810 
    32.018      2.811      2.009      6714806 
    32.054      4.520      2.085     10732096 
    32.095      4.523      2.005     12024772 
    32.100      9.039      2.019      5700480 
    32.136      6.954      2.004      4347202 
    32.138      9.130      2.048     19495806 
    32.157      8.911      1.928      5201058 
    32.191      8.327      2.052     21179298 
    32.218      3.668      2.263     20035342 
    32.244      8.471      2.268      9626285 
    32.270      2.968      1.819     13601350 
    32.299      8.504      1.995     10482376 
    32.305      2.985      1.943      9597347 
    32.305      2.264      1.841    156205744 
    32.313      4.383      2.265     55222720 
    32.313      7.277      1.828     15767604 
    32.317      1.840      2.265    168763936 
    32.320      8.485      1.845     16148895 
    32.323      4.345      1.840     42329552 
    32.329      2.972      1.993      7592615 
    32.333      1.999      2.265     90021760 
    32.343      3.646      1.844     14189193 
    32.382      7.606      1.823     39895520 
    32.429      3.869      1.823     44410772 
    32.507      3.910      1.991     19502306 
    32.544      4.323      1.956     26540420 
    32.555      4.485      1.885     12702100 
    32.570      8.215      1.882     17022188 
    32.574      3.021      1.617      5244972 
    32.607      0.990      2.674      4959546 
    32.610      1.595      2.642      4459218 
    32.618      8.849      1.812     13030879 
    32.645      3.620      1.638      3686015 
    32.647      7.610      1.976     15929618 
    32.650      8.835      1.862     14821641 
    32.652      8.213      1.958     13829946 
    32.667      1.988      2.664     30544518 
    32.669      7.813      1.970     31098866 
    32.674      8.834      1.627      7110936 
    32.675      4.497      1.630     11863793 
    32.676      8.841      1.986     12079826 
    32.680      4.076      1.975     29315536 
    32.687      1.497      1.629     27885430 
    32.703      1.857      1.631     58549816 
    32.711      8.471      2.067      9620657 
    32.715      8.669      1.801      7523071 
    32.719      7.065      2.659      7825166 
    32.721      7.072      2.326      7434052 
    32.727      8.448      1.731     20771524 
    32.730      2.321      2.667    104183832 
    32.731      2.662      2.324    121510176 
    32.732      0.948      2.328      6162532 
    32.737      7.736      2.663     27115628 
    32.744      7.739      2.324     20701350 
    32.750      4.073      2.662     10175400 
    32.793      8.454      1.917     11089944 
    32.820      1.996      2.325     57913992 
    32.854      3.738      1.922      9374025 
    32.889      3.738      1.730     11405782 
    32.916      4.124      2.057     30668154 
    32.929      0.910      2.057    165199760 
    32.966      4.050      2.327     10044110 
    32.989      8.254      2.051     27949378 
    33.051      0.924      1.741     15031235 
    33.200      4.523      1.732     11469104 
    33.225      4.506      1.847      7418631 
    33.242      1.489      1.982     56346416 
    33.297      3.035      2.195      4470188 
    33.319      6.907      2.205      5369901 
    33.328      8.472      1.780     30510742 
    33.333      8.308      1.741     28856658 
    33.340      4.284      1.733     89993256 
    33.341      2.966      1.739     19385128 
    33.358      7.280      2.195     23116984 
    33.365      1.425      1.733    180202640 
    33.374      9.048      1.841      4762469 
    33.376      1.945      2.192     45670568 
    33.391      7.283      2.329     32727800 
    33.406      2.734      1.726      6319520 
    33.440      3.032      2.328      5786051 
    33.446      4.125      1.769     26362884 
    33.460      6.914      2.328      6833192 
    33.461      7.146      1.985     14218001 
    33.470      7.139      1.771      8601266 
    33.472      7.012      1.985     15642513 
    33.495      4.042      2.203      5005429 
    33.502      1.767      2.596     22365940 
    33.505      7.476      1.738      7107217 
    33.518      7.011      1.770     11378371 
    33.519      6.673      1.990      8036816 
    33.535      4.188      3.012      5768356 
    33.540      1.923      2.595     16201718 
    33.542      7.865      1.722      8747475 
    33.543      1.779      3.019     12614407 
    33.545      9.000      1.733      8379507 
    33.562      3.013      2.598     88167544 
    33.567      4.312      1.968     30388516 
    33.568      3.959      2.598     17479372 
    33.573      2.595      3.014    100023752 
    33.577      6.680      1.769      4333486 
    33.579      7.292      3.016     19025510 
    33.579      1.907      3.016     15115519 
    33.583      7.293      2.598     10468833 
    33.600      8.452      1.725     18532672 
    33.608      8.958      1.945      3312617 
    33.610      2.192      3.013      8358786 
    33.610      3.950      3.016     12845749 
    33.725      7.434      1.997      7662729 
    33.778      0.783      1.997     34662888 
    33.779      0.550      1.995     25481694 
    33.787      8.206      1.995     18603824 
    33.811      9.478      2.568      4325914 
    33.821      4.467      1.713     26326968 
    33.826      0.996      2.564      4356705 
    33.855      9.447      2.696      5069398 
    33.857      1.291      2.568      6412968 
    33.858      0.852      2.574      6517822 
    33.864      2.240      2.568     35451540 
    33.873      7.077      2.680      5424836 
    33.877      7.706      2.691     10763504 
    33.879      4.215      2.572      8075220 
    33.890      7.702      2.568      9926812 
    33.894      0.994      2.695      6295159 
    33.895      2.243      2.694     31083014 
    33.901      4.235      2.690      8575797 
    33.902      9.120      1.691     15250796 
    33.907      0.849      2.693     10231424 
    33.945      1.289      2.697      5183238 
    33.963      9.295      2.328      4795330 
    34.043      3.710      2.330     10005029 
    34.052      8.927      1.526      3709873 
    34.068      7.829      2.343     27717252 
    34.069      9.111      1.519      6901058 
    34.071      0.757      2.349      6273270 
    34.076      6.941      2.414      6463830 
    34.100      7.560      2.366     13509162 
    34.112      1.535      2.079     50044484 
    34.126      4.571      1.525      9206949 
    34.127      9.111      2.089      5477172 
    34.129      2.074      1.526     43320360 
    34.134      4.577      2.078     13142048 
    34.137      6.931      2.366      6082192 
    34.142      4.010      2.372     15331052 
    34.167      8.925      2.072      4813831 
    34.168      6.915      1.522      4061852 
    34.169      4.007      2.415     16316153 
    34.171      7.782      2.414     19928484 
    34.180      6.915      2.078      3489641 
    34.183      7.544      2.414     11611356 
    36.204      7.075      2.100      8093514 
    36.220      4.127      2.101     16020134 
    36.297      8.476      2.241      8906145 
    36.329      7.079      2.177     12548264 
    36.340      4.126      2.175     16924170 
    36.351      7.754      2.426      4881024 
    36.395      8.226      2.258     21683212 
    36.413      7.135      2.260      6469192 
    36.428      8.226      2.420     22239586 
    36.445      4.014      2.262     26138468 
    36.451      4.011      2.421     20593172 
    36.483      0.975      2.423     10126858 
    36.510      7.154      2.422      6048378 
    36.577      0.832      2.182     29246014 
    36.609      2.883      1.552      6681546 
    36.615      0.820      2.264     28257338 
    36.621      7.771      2.264     10260386 
    36.631      8.739      2.184     10000461 
    36.652      0.790      1.546      7637948 
    36.660      0.285      1.544      5372722 
    36.672      0.594      1.546     11875608 
    36.674      7.271      1.546     10514001 
    36.697      7.787      2.178     11058785 
    36.709      6.894      1.548     11500540 
    36.744      3.842      2.274     10653429 
    36.758      8.740      2.274      8691669 
    36.761      0.101      1.545     20200898 
    36.839      3.842      2.185     14257383 
    36.928      4.101      3.077      8922286 
    36.929      6.590      3.070      5892870 
    36.933      7.287      2.831      4146614 
    36.938      8.951      3.075     11035590 
    36.938      8.948      2.843      7019795 
    36.939      2.839      3.074     53263116 
    36.943      7.642      3.079     13103591 
    36.947      4.473      3.068      8363000 
    36.953      6.590      2.841      7068870 
    36.972      3.072      2.838     55855816 
    36.986      7.637      2.837     13340266 
    36.999      0.985      3.081      4040010 
    37.043      4.471      2.838     12542230 
    37.049      4.099      2.833      5033242 
    37.089      7.289      3.068      5964989 
    37.229     -0.078      1.743      5406718 
    37.240      8.348      1.735      8423248 
    37.326      4.056      1.739     18293510 
    37.329      0.960      1.737      9817498 
    37.335      0.668      1.740     31358586 
    37.343      0.369      1.736     16104663 
    37.349      1.073      1.743     12103262 
    37.369      1.330      1.736      8827725 
    37.372      7.032      1.737     14322933 
    37.422      8.097      1.744      3781139 
    37.510      2.908      1.737      5223325 
    37.660      3.793      1.660      7501368 
    37.687      0.291      1.657     29377256 
    37.697      0.440      1.661     16913490 
    37.710      6.911      1.657     16848082 
    37.809      1.816      2.803      5165156 
    37.818      6.801      2.800      5147076 
    37.861      3.605      1.976      4348479 
    37.869      7.756      2.798     18587500 
    37.872      3.959      1.963     12622161 
    37.879      8.336      1.964     14449943 
    37.881      8.672      2.799     24851602 
    37.881      4.437      2.800     51113700 
    37.882      0.949      1.963     38382588 
    37.922      1.324      1.888     38831008 
    37.939      0.771      1.888     52288908 
    37.942      7.237      1.889     32347208 
    37.994      9.122      1.891      8073614 
    37.995      6.963      3.098      8045697 
    38.003      4.064      1.889     20448218 
    38.071      4.666      3.089      6206316 
    38.079      9.299      3.100      4519743 
    38.083      3.095      2.504     33104494 
    38.092      8.141      2.504      9974917 
    38.093      0.742      3.100      4310980 
    38.107      2.500      3.097     31727692 
    38.116      8.139      3.096      9022275 
    38.126      4.310      3.107      3270433 
    38.138      4.674      2.503      8269458 
    38.145      4.338      2.496      5672430 
    38.171      9.292      2.505      3834378 
    38.174      6.978      2.506      6750489 
    38.354      7.570      1.892      4005345 
    38.366      8.522      2.919      5697223 
    38.394      6.768      1.901      8922376 
    38.400      0.367      1.771      7136596 
    38.414      7.002      2.916     14337426 
    38.414      7.575      2.298      6716024 
    38.418     -0.078      1.766     11428714 
    38.419      8.166      1.898     10976022 
    38.432      7.271      2.920      8577323 
    38.437      1.171      1.767      7752912 
    38.442      4.193      2.912      9995086 
    38.447      3.185      1.768     10613529 
    38.447      0.947      1.767     29759934 
    38.451      8.284      1.766     13226587 
    38.454      1.893      2.303     25381992 
    38.454      9.136      1.766      7536408 
    38.460      8.167      2.300      9394294 
    38.463      6.760      2.309      9024849 
    38.485      2.304      1.896     27078844 
    38.493      4.029      2.301      7166314 
    38.516      2.996      2.299      7756424 
    38.534      4.482      2.929      9176032 
    38.535      1.543      1.776      4551127 
    38.566      4.502      3.016     13122222 
    38.586      6.832      3.018      9061265 
    38.588      7.767      3.016     13008921 
    38.617      4.503      3.122     14264221 
    38.641      8.595      3.017      6560718 
    38.642      8.600      3.125      5597530 
    38.646      2.972      1.909      4957295 
    38.670      7.770      3.124     12872667 
    38.831      0.590      2.154      8823246 
    38.841      1.517      2.155     11689167 
    38.845      1.826      2.156     10837379 
    38.875      4.371      2.155     15224360 
    38.896      1.009      2.149     36909860 
    38.901      8.167      2.152      8956313 
    38.959      7.546      2.699     21435062 
    38.965      6.860      3.418      3630093 
    38.969      4.488      2.701     26437584 
    38.975      7.053      3.584     10764131 
    38.977      7.553      2.758     18229366 
    38.983      4.490      2.760     29032354 
    38.984      7.151      3.406      9395609 
    38.984      7.156      3.237      9343908 
    38.988      6.900      2.717      6915670 
    38.989      4.312      3.165      8926475 
    39.000      4.562      3.216      5478034 
    39.001      7.944      3.407      9327017 
    39.002      7.945      3.227      9741497 
    39.003      7.304      3.579     11157888 
    39.003      8.237      3.584      6617366 
    39.010      4.309      3.577      6432458 
    39.014      3.233      3.411     24087314 
    39.016      7.310      3.168     12146585 
    39.018      7.055      3.166     12554001 
    39.027      3.593      3.168     26547530 
    39.030      3.164      3.582     23332138 
    39.030      8.520      3.235      6942416 
    39.032      3.410      3.238     21764082 
    39.045      8.238      3.175      5059155 
    39.053      4.566      3.413      8614201 
    39.059      4.663      3.579      6360544 
    39.233      6.737      3.164     11080924 
    39.252      2.913      3.160     26878586 
    39.252      3.716      3.162      9118863 
    39.263      8.112      1.866      4803272 
    39.278      1.572      3.390      3541434 
    39.318      2.000      2.786      7989066 
    39.319      3.152      2.899     25651318 
    39.337      0.415      1.651      3587634 
    39.341      9.574      3.353      7032960 
    39.346      1.630      2.754      4710449 
    39.358      3.707      2.891      7732456 
    39.359      6.940      3.352      8634606 
    39.381      8.580      3.349     13035252 
    39.383      2.809      3.350     26764864 
    39.387      2.736      1.872     19024090 
    39.398      3.350      2.805     30667084 
    39.398      1.151      2.803      7041324 
    39.408      1.863      2.734     21128616 
    39.409      1.257      2.805      4958465 
    39.414      1.381      1.648      7863106 
    39.415      6.930      2.801     10362669 
    39.419      0.443      2.735      5449261 
    39.422      8.589      2.804     13610537 
    39.425      6.400      1.867      8891131 
    39.427      4.579      1.870      3704949 
    39.433      8.135      2.726      4740506 
    39.437      3.723      1.639      4071910 
    39.437      3.999      1.647     13089434 
    39.438      0.740      1.649     13038119 
    39.451      1.001      1.650     30875660 
    39.455      1.642      1.876      3552337 
    39.457      9.582      1.651      5459754 
    39.469      6.402      2.732      7128591 
    39.511      0.427      1.869      3683024 
    39.664      8.758      2.641     10115305 
    39.712      7.330      2.633      7273301 
    39.757      9.114      2.599      7531314 
    39.765      7.329      2.929     11416069 
    39.769      8.758      2.930     13716981 
    39.816      9.111      2.834      8983709 
    39.842      4.134      2.829     16083543 
    39.860      4.149      2.598     16352887 
    39.906      2.900      2.646    126715160 
    39.917      4.558      2.847      8748764 
    39.971      9.578      2.693      7386082 
    39.996      9.576      2.850     13674880 
    40.010      4.298      2.997     12809976 
    40.036      0.860      2.820      6661100 
    40.040      8.897      3.008      7479449 
    40.061      7.596      2.691      3362944 
    40.066      1.663      2.798      5375248 
    40.074      8.301      3.001     20750388 
    40.079      4.315      2.808     36324836 
    40.083      6.865      2.812      8202702 
    40.088      4.370      2.649     26337262 
    40.102      8.060      3.094     17344616 
    40.104      8.891      3.097     11466954 
    40.105      7.396      3.095     13706689 
    40.106      4.011      3.090      5616346 
    40.107      3.814      2.999      9613656 
    40.113      4.420      3.092     22762174 
    40.131      7.619      2.845      4978590 
    40.143      8.265      2.646     16289889 
    40.144      1.291      3.095      7117850 
    40.145      8.259      2.884     23042904 
    40.147      8.904      2.804      5363449 
    40.175      3.797      2.805      7448086 
    40.369      4.012      2.796     14169332 
    41.230      6.938      2.222      3691654 
    41.334      1.291      2.220     13157339 
    41.342      0.851      2.217     32582728 
    41.352      1.142      2.220     17806242 
    41.384      7.471      2.218     11472588 
    41.442      9.010      2.216      4743968 
    41.582      0.695      3.026     11582529 
    41.588      0.695      3.146     10685188 
    41.591      4.013      3.150     12300719 
    41.593      0.415      3.144     10444487 
    41.735      4.006      3.011     14206233 
    41.775      2.189      1.662      4233345 
    41.859      8.137      2.818      4005702 
    41.861      7.306      1.672      7458714 
    41.874      0.821      1.666     56131112 
    41.876      6.909      2.824      7609124 
    41.885      8.348      1.668     27454806 
    41.888      7.606      1.669     12691994 
    41.911      8.144      3.045      9042545 
    41.913      0.287      2.816      8162761 
    41.914      4.493      2.823     16544824 
    41.922      4.333      1.663      9599684 
    41.947      0.297      3.043     16928928 
    41.956      9.118      2.807      4754999 
    41.958      1.031      1.668      7109006 
    41.977      6.915      3.044     16279089 
    42.025      9.114      3.048      9229834 
    42.046      7.052      2.950      6589256 
    42.058      2.565      2.568    277327520 
    42.059      2.724      2.722    322676224 
    42.084      2.569      2.725    138270400 
    42.085      4.654      2.724     23117852 
    42.086      4.655      2.566     18698536 
    42.087      2.725      2.566    147209328 
    42.099      7.650      2.568     17981512 
    42.106      0.782      2.571      6404908 
    42.108      7.649      2.724     12657985 
    42.148      7.965      2.938      4445600 
    42.160      0.798      2.725      5157742 
    42.176      6.643      2.958     47903084 
    42.177      4.299      2.965     31723930 
    42.181      8.323      2.944      7381895 
    42.296      0.947      2.968     49013748 
    42.346      6.541      3.046     22372986 
    42.355      0.868      1.573     24336276 
    42.355      0.850      1.482     22646692 
    42.359      8.246      1.481     17108148 
    42.368      4.255      1.482     26878674 
    42.380      4.257      1.573     23604492 
    42.404      8.239      1.574     26435282 
    42.641      7.461      3.389      4493917 
    42.663      7.024      3.399      8489202 
    42.668      5.041      2.607      6944393 
    42.672      8.833      3.393      8724017 
    42.677      5.038      3.396     11018918 
    42.698      0.954      2.621     11528252 
    42.699      6.836      3.383      5806885 
    42.703      3.398      2.618     22814714 
    42.707      2.615      3.397     24844028 
    42.708      0.954      3.399      7846031 
    42.709      7.456      2.621      8150431 
    42.712      7.030      2.621      9867829 
    42.762      3.384      3.394     28073606 
    42.782      8.829      2.619      3729012 
    42.898      1.921      3.132     29980998 
    43.069      2.078      3.056     21491994 
    43.104      3.886      3.057     15133192 
    43.130      1.409      3.056     73951000 
    43.151      6.929      1.388      3854034 
    43.157      3.890      3.136     16438349 
    43.182      2.079      3.135     22459858 
    43.186      1.407      3.132     75677192 
    43.196      7.656      3.057      8966750 
    43.200      1.896      3.063     21936724 
    43.204      7.659      3.131      9779763 
    43.205      3.745      1.678      5401015 
    43.218      6.918      1.683      4983900 
    43.239      4.195      1.684     11218364 
    43.245      1.388      1.684     42681076 
    43.247      8.749      1.379      5808060 
    43.253      8.753      1.682      9911788 
    43.258      0.862      1.682     29897212 
    43.259      4.197      3.210     47988832 
    43.269      0.955      3.213     27114902 
    43.271      7.972      2.997      3928558 
    43.281      6.392      3.209     14987702 
    43.281      4.198      1.381     14915662 
    43.283      1.752      3.216    102125576 
    43.283      1.688      1.380     42307984 
    43.286      7.969      3.190      5103045 
    43.292      0.850      1.382     31091218 
    43.308      6.388      2.978     10536216 
    43.318      0.839      2.974      8132524 
    43.320      8.361      3.219      5809612 
    43.328      4.192      2.977      9867711 
    43.335      1.840      2.977     32874438 
    43.339      4.120      3.305     11740841 
    43.341      1.929      3.304     20031798 
    43.344      2.100      2.977      8768052 
    43.344      7.841      3.287      7781564 
    43.351      7.844      3.260      8543760 
    43.361      1.682      3.305     53032912 
    45.752      3.774      3.952     88991088 
    45.762      3.956      3.766    103642896 
    45.768      8.765      3.769      6555905 
    45.780      7.240      3.953      7665385 
    45.787      7.235      3.765      9537228 
    45.838      8.754      3.958      5916070 
    50.429      6.322      2.749      5332302 
    50.484      0.185      3.683     10243438 
    50.500      4.518      2.746     19593516 
    50.501      2.743      3.684     53927292 
    50.511      3.693      2.746     45104884 
    50.511      1.132      2.747     21786534 
    50.511      6.327      3.678      4853884 
    50.520      1.127      3.684     34570020 
    50.526      0.186      2.747     11236894 
    50.563      1.706      2.748      6251715 
    50.618      1.692      3.684     20525358 
    50.624      4.548      3.683     66640568 
    50.639      1.998      3.683     58035316 
    50.647      1.992      3.611     64202228 
    50.655      1.829      3.682     20072526 
    50.656      0.655      3.611     13825876 
    50.662      1.826      3.611     28478590 
    50.662      4.564      3.612     66177056 
    50.673      2.258      3.682     12618521 
    50.688      0.663      3.684     10941970 
    50.770      1.672      3.614     19677100 
    50.866      2.260      3.614     21437902 
    50.872      1.485      3.610      6573365 
    50.970      6.937      4.533      8527365 
    50.989      1.303      4.532     95802568 
    50.999      9.037      4.533     31043992 
    51.011      6.799      4.532     12523152 
    51.029      7.475      4.534     17203472 
    51.170      1.297      3.614      7639600 
    52.352      8.525      4.575      6094918 
    52.445      1.483      4.569     12902010 
    52.482      3.656      4.567     66771456 
    52.484      1.673      4.567     29641142 
    52.493      1.801      4.566     23750036 
    52.502      3.072      4.570     23477924 
    52.543      0.657      4.569     14157232 
    52.569      2.000      4.558     11588528 
    52.788      9.035      4.512      5187276 
    52.792      1.477      4.321     91414536 
    52.799      2.744      4.518     28573922 
    52.806      7.180      4.321     35239412 
    52.808      1.136      4.517     26691092 
    53.196      6.753      3.808      4102596 
    53.259      0.911      3.816     46268576 
    53.261      0.543      3.813     11844812 
    53.264      1.326      3.816     68698064 
    53.270      7.562      3.818     22663282 
    53.291      4.473      3.820      6052375 
    53.825      2.076      4.581     23160264 
    53.845      9.109      4.584      8375028 
    53.846      3.057      4.580      8969645 
    53.850      1.670      4.582     35995788 
    53.853      1.525      4.584     29868504 
    53.854      3.775      4.587      7507488 
    53.867      8.928      4.581     14265798 
    54.522      7.639      4.490     18860798 
    54.557      7.616      3.747      4834086 
    54.558      7.477      4.487     19511332 
    54.571      6.734      3.427      4141733 
    54.577      3.420      3.418    145485664 
    54.581      8.754      3.747      4665511 
    54.581      1.413      3.416     36252132 
    54.587      2.737      4.490     60688272 
    54.590      0.731      3.413      9609568 
    54.590      7.123      3.415     12200357 
    54.593      8.159      3.414     13590827 
    54.595      1.365      3.748      5456554 
    54.595      1.702      3.744     14187212 
    54.604      8.517      3.742     15551212 
    54.607      1.575      3.743     44001844 
    54.608      4.171      3.745     11511701 
    54.614      0.750      4.649      3129966 
    54.626      0.883      3.744     42243164 
    54.673      2.564      4.655     27924194 
    54.686      7.649      4.658     19489394 
    54.710      7.385      4.657     22968104 
    54.782      2.726      4.656     40378464 
    55.175     -0.069      4.278      6407770 
    55.199      1.174      4.277      4187345 
    55.200      1.353      4.468     27168792 
    55.206      0.763      4.466      7642420 
    55.207      7.976      4.234      8129557 
    55.212      7.762      4.232     22163046 
    55.213      2.956      4.254      9767574 
    55.213      9.121      4.467     12652276 
    55.214      7.394      4.273     13853679 
    55.216      8.529      4.466     44557832 
    55.218      7.606      4.274     20145854 
    55.220      0.923      4.270     16546843 
    55.220      0.983      4.277     15573996 
    55.223      1.571      4.241    112720552 
    55.225      1.686      4.469     69634040 
    55.248      2.245      4.502      6053214 
    55.264      0.821      4.257     47619488 
    55.273      2.214      4.241      5994496 
    55.274      3.629      4.499     25031676 
    55.323      8.832      4.502     10274751 
    55.359      8.270      4.259     58966956 
    55.536      0.099      3.777     18646058 
    55.536      0.914      3.775     10781951 
    55.538      8.381      3.777     15282966 
    55.539      3.288      3.774     11844866 
    55.542      1.142      3.776     47230164 
    55.542      0.295      3.783      7641444 
    55.560      0.599      3.779     14342511 
    55.582      2.639      3.775      7517070 
    55.590      8.894      3.774      4658894 
    55.612      7.344      3.780      6379922 
    55.634      7.967      4.091      3773725 
    55.650      1.713      3.772      3712508 
    55.658      3.076      4.095     11055782 
    55.712      2.835      4.095      5675332 
    55.732      1.552      4.097     63945256 
    55.735      7.634      4.097      5889319 
    55.744      8.331      4.096     22330682 
    55.761      0.968      4.097      9413433 
    55.850      8.973      4.096      3509409 
    55.937      0.952      5.038      4715906 
    56.015      6.606      4.466      5303496 
    56.025      8.946      4.472     10843338 
    56.035      7.031      5.037     23301808 
    56.036      8.834      5.036     22827310 
    56.037      3.402      5.037     21481454 
    56.050      2.624      5.034     14894076 
    56.072      7.462      5.036     12656003 
    56.079      7.004      4.470     18694372 
    56.102      7.286      4.466     12858308 
    56.227      8.284      4.314    139484400 
    56.248      8.477      4.253     85417064 
    56.252      7.757      4.437      6734995 
    56.274      8.684      4.436     15624786 
    56.274      2.804      4.440     69899912 
    56.293      2.649      4.436     17556150 
    56.301      1.944      4.323     76468952 
    56.341      3.837      4.311     14391098 
    56.349      0.917      4.307     15976648 
    56.365      7.478      4.312     10627682 
    56.389      6.937      4.315      6105806 
    56.395      2.971      4.306      9690864 
    56.398      6.808      4.317      4472808 
    56.402      8.986      4.309      8213194 
    56.455      1.667      4.445      5222171 
    56.565      1.981      4.247     43792856 
    56.605      1.390      4.193     32009816 
    56.609      2.227      4.247     25344792 
    56.624      6.941      4.193      6862514 
    56.636      0.812      4.191     70709200 
    56.674      8.753      4.189     12465633 
    56.693      1.504      4.123     30147606 
    56.723      8.279      4.139     27418338 
    56.724      7.459      4.121      8823987 
    56.738      1.316      4.123     35542904 
    56.791      7.125      4.121     27267240 
    56.798      1.870      4.132     74479584 
    56.851      2.121      4.129     27232610 
    57.005      1.499      4.006     14969600 
    57.006      0.722      4.006     15152934 
    57.008      0.429      4.004      7591214 
    57.013      8.765      4.117     14965969 
    57.027      7.166      4.005     16483244 
    57.063      3.028      4.005     18323140 
    57.132      6.328      3.924     12150162 
    57.137      6.979      3.920     20119942 
    57.137      6.912      4.497     17266694 
    57.139      0.750      3.926     12747369 
    57.139      2.823      4.498     33323214 
    57.141      3.124      3.924     27636562 
    57.144      8.129      4.499      6097438 
    57.145      7.844      4.496      5711750 
    57.180      8.751      3.886     11863342 
    57.189      1.394      3.889     33030248 
    57.191      1.910      3.889     32284930 
    57.193      3.048      4.494     21932536 
    57.210      9.080      4.480      3354321 
    57.215      1.938      4.500     15742996 
    57.222      2.079      3.886     20289400 
    57.223      7.660      3.887     53893856 
    57.245      3.277      4.493      6444257 
    57.290      1.691      4.499      7011200 
    57.301      8.302      4.324     37749216 
    57.357      8.158      4.027      7581772 
    57.380      3.859      4.311      9261603 
    57.390      1.895      4.033     32881048 
    57.395      2.188      4.029     10187363 
    57.406      7.322      2.995      7283496 
    57.413      8.903      4.304      5467000 
    57.416      9.577      4.303     23363970 
    57.423      7.264      4.031     19559418 
    57.432      6.935      4.305      7593116 
    57.432      2.670      4.303     45614936 
    57.437      7.626      4.303     18376076 
    57.442      2.821      4.310     63457408 
    57.458      1.887      2.997      7680527 
    57.464      8.164      3.002      3469664 
    57.465      0.820      2.997     37922300 
    57.467      8.346      3.000     12489812 
    57.469      2.302      2.999     11309501 
    57.476      7.596      2.995      6921650 
    57.479      1.675      2.996     30603546 
    57.483      7.571      4.032      7833072 
    57.498      1.827      4.303     18744310 
    57.530      6.742      2.997      5081859 
    57.533      2.949      4.293     26602080 
    57.581      2.646      4.392     41499668 
    57.623      1.477      4.395     22857138 
    57.635      8.254      4.391     24529582 
    57.677      6.727      4.589      5906872 
    57.703      7.185      4.393      5296392 
    57.721      2.735      4.583     13109602 
    57.725      8.101      4.584     10643435 
    57.749      6.394      4.584     26984438 
    57.776      1.659      4.586      7915888 
    57.779      1.848      4.584     12647518 
    57.780      1.722      4.408     12930485 
    57.800      2.639      4.258     36736080 
    57.815      7.328      4.253      8359288 
    57.832      9.137      4.255      4665414 
    57.847      8.076      4.155      4499968 
    57.852      8.754      4.257     19384118 
    57.874      0.655      4.150      8256201 
    57.886      3.098      4.415     49063636 
    57.896      1.933      4.409     15372109 
    57.897      0.962      4.415     15960651 
    57.903      8.246      4.149      8455984 
    57.917      2.840      4.147     17183236 
    57.931      2.597      4.148     26856160 
    57.943      2.049      4.256     16644705 
    57.966      9.110      4.147     12789846 
    57.967      8.059      4.417     41038240 
    58.075      8.840      4.399     48047124 
    58.141      0.903      4.492     15247585 
    58.146      8.429      4.493     10805364 
    58.150      8.212      4.491     74140400 
    58.151      3.841      4.491     89270376 
    58.378      0.855      4.227     40640284 
    58.429      9.451      4.229     10999684 
    58.437      2.342      3.951      8239365 
    58.438      2.231      4.219     49600104 
    58.439      2.656      3.949      5316256 
    58.441      6.908      4.223      3776294 
    58.446      7.698      3.949     16562393 
    58.447      1.970      3.950     53872484 
    58.449      0.938      3.951     34401976 
    58.482      8.333      3.952     10869020 
    58.498      7.079      3.950      4888670 
    58.504      1.348      3.701      4802161 
    58.535      1.334      4.219      3370495 
    58.552      9.303      3.712     12385237 
    58.558      7.619      3.711      6443060 
    58.591      2.185      3.711     27205608 
    58.591      7.845      3.711     13828163 
    58.599      0.527      3.712     14133372 
    58.601      0.736      3.711     28164216 
    58.607      2.310      3.710     18122968 
    58.620      1.916      3.710     20632516 
    58.629      2.186      4.191     43994684 
    58.658      8.241      3.710      8721614 
    58.667      7.088      4.294     17003520 
    58.679      8.370      4.187     17583090 
    58.705      3.337      4.296     36447268 
    58.705      2.070      4.293     19089788 
    58.713      7.779      4.187     11831695 
    58.715      8.201      4.296     11599765 
    58.778      3.206      4.188     24977366 
    58.796      9.124      3.703      3953728 
    58.803      1.863      4.187     63223896 
    58.805      2.794      4.006     15662723 
    58.815      8.730      4.186      8776647 
    58.848      1.395      4.013      5971448 
    58.869      2.586      4.010      9958158 
    58.879      7.546      4.005     12316875 
    58.919      8.163      4.196      3582049 
    58.940      1.161      4.333      3817832 
    58.940      1.694      4.332     13074221 
    58.944      7.609      4.188      7817066 
    58.958      2.995      4.190      4665502 
    58.969      7.975      4.186     15887996 
    58.988      2.409      4.010     29474764 
    59.016      1.514      4.186     21703254 
    59.049      2.815      4.329     11414821 
    59.065      7.942      4.346      3870673 
    59.077      1.872      4.331     23275676 
    59.088      1.583      4.331     25960010 
    59.117      8.537      4.332     15720966 
    59.123      3.283      4.118      8193274 
    59.153      2.076      4.008     57111244 
    59.157      7.603      3.851     24819152 
    59.159      7.267      3.858      6849554 
    59.166      1.351      3.852     31517996 
    59.178      2.835      4.116     13284757 
    59.181      1.823      3.852     51612432 
    59.181      1.957      4.078     60506388 
    59.189      0.967      4.011     13561928 
    59.194      2.647      4.078     12152930 
    59.198      7.818      4.083     22663590 
    59.204      1.650      4.077     25665570 
    59.231      1.672      3.853     14409284 
    59.232      3.087      4.012      6630202 
    59.237      9.578      4.325      4829330 
    59.275      0.747      4.440      3347251 
    59.292      2.266      4.014     28225552 
    59.295      9.306      4.445      7659657 
    59.299      7.314      4.121      3657193 
    59.328      7.839      4.443      4177884 
    59.339      8.208      4.013     26440742 
    59.346      1.673      4.437      4659114 
    59.356      6.911      4.444      6114849 
    59.363      1.532      3.851     15826457 
    59.365      3.196      4.441     29956412 
    59.365      2.166      4.441     21371548 
    59.367      3.018      4.440     30105108 
    59.392      7.191      4.007      4387267 
    59.394      8.323      4.441      7728670 
    59.480      7.957      3.949      3364518 
    59.509      1.591      3.957      7774512 
    59.517      8.508      3.952      5600064 
    59.564      6.758      4.025     16869738 
    59.604      3.021      3.946     14308506 
    59.611      1.832      3.949     20670772 
    59.623      7.288      3.941     12242090 
    59.628      1.948      3.949     22449896 
    59.634      2.594      3.949     17843904 
    59.812      1.328      4.067     17741074 
    59.814      7.238      4.065     16295742 
    59.826      0.752      4.067     55537980 
    59.830      9.124      4.067     53091956 
    59.972      7.781      3.838      8704843 
    59.973      8.167      3.837      6687558 
    60.003      7.333      4.500      5708265 
    60.007      8.735      3.835     13662961 
    60.024      1.018      3.836     22472564 
    60.024      2.114      3.835     44938072 
    60.030      2.183      3.836     67164968 
    60.031      0.830      3.836     25204878 
    60.054      3.120      4.502     24030990 
    60.060      8.614      4.503      5684378 
    60.070      2.807      4.491      3375561 
    60.098      6.837      4.503     19751664 
    60.124      7.552      3.732      6096074 
    60.164      1.924      3.733     26507608 
    60.169      6.738      3.736      6757414 
    60.173      0.945      3.733     24615168 
    60.188      1.363      3.732     23760946 
    60.189      1.144      3.733     25912998 
    60.199      8.442      3.733     19964982 
    60.208      1.712      3.733     20058606 
    60.269      2.499      4.662      8850988 
    60.278      7.054      4.309     24828060 
    60.290      3.600      4.311     12170626 
    60.332      6.969      4.659     12253381 
    60.333      3.149      4.312     26458870 
    60.335      7.770      4.503     21175010 
    60.342      3.572      4.661      7307061 
    60.361      8.140      4.661      5583588 
    60.374      7.314      4.310     11676378 
    60.377      0.937      4.504      4043861 
    60.379      7.329      4.662      4534996 
    60.424      3.106      4.665      6649528 
    60.527      1.655      4.315     23999332 
    60.541      8.938      4.316      5512493 
    60.662      7.740      4.218      4991926 
    60.727      0.968      4.216     11879502 
    60.743      1.108      4.314     18684216 
    60.764      1.900      4.215     16446761 
    60.770      8.422      4.214     10241468 
    60.771      3.934      4.215     65592028 
    60.810      1.754      4.218      9321524 
    60.927      2.811      4.313     24149992 
    60.952      6.934      4.312     25270490 
    60.958      3.352      4.311     13501776 
    61.026      7.645      4.308      8637488 
    61.039      3.901      4.311      7928616 
    61.039      1.290      4.312     17048216 
    61.039      1.646      4.321     13005895 
    61.041      8.582      4.313     13185943 
    61.049      0.769      4.309     48003608 
    61.085      1.990      4.306     35360264 
    61.099      8.207      4.305     42396920 
    61.127      1.589      4.571      4337028 
    61.130      7.377      4.312     12486984 
    61.161      0.552      4.306     14758985 
    61.185      8.523      4.572      9252768 
    61.187      7.941      4.571     16673438 
    61.190      7.158      4.570     20372184 
    61.197      2.860      4.573     16979686 
    61.202      3.412      4.571     25285138 
    61.210      2.688      4.570      9077942 
    61.236      3.237      4.570     15802981 
    61.294      6.878      4.569      4204438 
    61.305      9.574      4.573      6075018 
    61.429      8.309      4.381     14921531 
    61.435      1.548      4.379     34724464 
    61.437      7.328      4.380     25121616 
    61.475      4.016      4.379     72885840 
    61.517      1.710      4.386      5335702 
    61.586      7.641      4.224     23968322 
    61.602      0.876      4.224     49710956 
    61.644      2.633      4.383      5068551 
    61.751      0.952      4.381     58188236 
    61.765      8.080      4.383     13964798 
    61.861      1.289      4.449     46980464 
    61.897      2.211      4.447      4993450 
    61.901      6.911      4.454      7415240 
    61.904      8.019      4.446     12622136 
    61.922      3.049      4.448     10451040 
    61.961      1.306      4.280     70010776 
    61.972      6.682      3.051      9179528 
    61.980      3.051      3.048    161134528 
    61.984      8.863      4.280     10731057 
    61.987      6.870      3.047      4597544 
    61.994      2.200      3.048      7432824 
    61.998      2.658      3.050     20602886 
    62.003      1.910      3.056      6783766 
    62.008      3.286      3.044     18821686 
    62.016      8.341      3.045      6358190 
    62.017      2.316      3.048     10450484 
    62.043      8.902      3.050      9998308 
    62.052      7.312      3.049      7937675 
    62.322      6.999      4.171     20584186 
    62.322      2.915      4.171     23019802 
    62.335      8.435      3.933     10985503 
    62.355      0.752      4.168      7934416 
    62.356      1.566      4.176     18917508 
    62.356      2.061      4.125     48620080 
    62.357      5.658      3.930      6164404 
    62.358      1.155      4.170      9736694 
    62.367      0.905      4.124    102211936 
    62.368      8.240      4.122     24771664 
    62.369      7.264      4.174      9506136 
    62.370      4.205      3.932     61152288 
    62.371      5.464      4.122     11555852 
    62.374      2.833      3.788      3303015 
    62.404      3.039      3.784     12640251 
    62.416      0.291      3.785     23327706 
    62.428      0.520      3.783     12425866 
    62.436      9.112      3.785     36019064 
    62.442      6.911      3.786     12164673 
    62.453      1.613      3.784     16864006 
    62.456      7.746      3.930      4147962 
    62.461      0.945      3.933      7010860 
    62.478      8.473      4.116     71248040 
    62.541      4.484      3.784      5605040 
    62.571      3.716      4.200     11720646 
    62.571      1.923      4.202      5551090 
    62.571      1.754      4.210      4371405 
    62.571      2.196      4.204      6034144 
    62.695      7.966      4.198      9196277 
    62.947      2.264      4.384     76736008 
    62.960      8.472      4.384     79155296 
    62.995      1.831      4.384     34712436 
    63.014      3.684      4.381     13065521 
    63.020      8.083      3.838      9243243 
    63.041      1.989      4.062     19117276 
    63.047      8.080      4.047     10279121 
    63.047      0.935      4.063     12073644 
    63.052      0.791      4.064     18720998 
    63.054      8.277      4.005     22430624 
    63.063      1.524      4.007     17607942 
    63.071      7.327      4.005     57354660 
    63.072      4.379      4.007     65501964 
    63.073      7.820      4.064     12491174 
    63.081      0.556      4.066     16559100 
    63.200      7.180      3.840      6414426 
    63.410      7.955      3.722     10456930 
    63.522      8.429      3.712     12254063 
    63.582      0.993      4.375     35246896 
    63.593      6.864      3.925      4067354 
    63.607      8.175      4.377     13542923 
    63.627      7.964      3.868      8255760 
    63.634      7.734      3.699      6881552 
    63.648      6.988      3.123      6288086 
    63.653      6.878      3.119      5590158 
    63.660      1.008      3.702     25129160 
    63.673      6.324      3.122      7647842 
    63.677      3.124      3.928     45748688 
    63.694      3.930      3.124     62361584 
    63.697      8.925      3.698      6426836 
    63.709      7.674      4.374      3511908 
    63.748      0.908      3.838     12446573 
    63.749      1.700      3.695     16913904 
    63.755      1.084      4.208     31784650 
    63.776      0.762      3.697     13810046 
    63.777      8.419      3.836     18638782 
    63.782      1.687      4.209     39071276 
    63.817      6.325      3.926      4215146 
    63.823      2.763      4.219      4047810 
    63.834      1.391      4.208      8638098 
    63.840      8.219      3.836     14280483 
    63.861      6.348      4.205      6221762 
    63.864      3.098      4.210      3607850 
    63.885      0.184      4.213      4150322 
    63.902      3.699      4.203      6066120 
    64.437      2.634      4.058      3688108 
    64.470      8.662      4.282      5206350 
    64.486      7.142      4.054     11332660 
    64.499      7.780      4.292      3705502 
    64.502      8.352      4.052     12224702 
    64.511      0.668      4.051     41721588 
    64.511      4.119      4.281     93518976 
    64.513      4.288      4.117     94279704 
    64.515      1.318      4.052     13271808 
    64.523      8.836      4.119     22299962 
    64.524      8.837      4.283     21144612 
    64.526      1.507      4.049     14449942 
    64.530      7.031      4.051     12889985 
    64.530      0.957      4.052      5589631 
    64.535      1.738      4.048     27503622 
    64.538      1.060      4.055      7410594 
    64.543      0.368      4.048     13780199 
    64.564      8.097      4.059      4459118 
    64.928      1.686      3.994     26571638 
    64.939      9.446      3.998      4013220 
    64.941      0.991      3.995     11487182 
    64.950      0.434      3.994     20943290 
    64.958      1.380      3.993      9570587 
    64.982      6.914      3.996      3523943 
    65.107      0.294      2.887     12088961 
    65.115      9.585      3.997      4771214 
    65.126      3.415      2.890      7716708 
    65.137      6.892      2.892     10756809 
    65.147      3.239      2.889     13683860 
    65.154      1.556      2.890      8209168 
    65.159      7.181      2.891      5483938 
    65.164      7.943      2.892      5831566 
    65.215      0.100      2.891     19930374 
    65.224      0.813      2.891     10429162 
    65.249      0.608      2.890      9012506 
    65.256      2.146      3.834     29444478 
    65.285      0.960      3.835     61969996 
    65.304      8.319      3.834     17111354 
    65.325      4.331      3.837      9152533 
    65.362      4.183      3.836      8752142 
    65.750      0.893      3.811     37435196 
    65.927      1.029      3.810     37594720 
    65.972      2.804      3.806      7927330 
    65.987      7.738      3.807     12881020 
    66.024      1.717      3.809      9352718 
    66.033      3.006      3.804     13942061 
    66.339      4.367      3.610      5649854 
    66.376      1.773      3.608     10852588 
    66.577      7.829      3.641      9438521 
    66.645      8.332      3.613     15668127 
    66.646      0.927      3.647    115997288 
    66.750      6.553      3.614     16326804 
    66.789      6.744      3.605     16535947 
    66.803      1.948      3.601     19277002 
    66.834      0.928      2.902      7278130 
    66.834      2.045      3.661     16376286 
    66.862      1.078      2.900     12721387 
    66.863      1.329      2.900     18973488 
    66.868      0.657      2.901     31389828 
    66.874      1.920      2.904      7401987 
    66.881      0.530      2.898     29703618 
    66.884      0.373      2.898     13709055 
    66.916      8.243      2.895     11854568 
    66.937      9.132      3.669     10350575 
    67.021      1.737      2.906      4447620 
    67.409      8.747      3.185      4526197 
    67.438      1.155      3.184      7191542 
    67.454      0.358      3.183      8210234 
    67.454      7.329      3.176      4003743 
    67.462      0.792      3.183     30064218 
    67.463      0.950      3.184     45065184 
    67.466     -0.071      3.183     21883018 
    67.480      8.602      3.185     12121817 
    67.487      1.762      3.185     17428754 
    67.510      2.130      3.182      9046407 
    67.521      8.417      4.673     10907648 
    67.522      8.286      3.186      6914444 
    67.535      8.965      4.670      4262125 
    67.579      1.215      4.674     19535710 
    67.744      3.562      4.680      4615978 
    68.200      4.664      3.526      5525971 
    68.262      0.595      3.529     10630579 
    68.266      8.426      3.536      8738236 
    68.267      1.217      3.532     25078742 
    68.290      0.995      3.536     10214523 
    68.318      1.542      3.527      6195907 
    68.819      3.736      4.156      5352094 
    68.856      1.719      4.152      6020300 
    68.918      0.871      4.156     50953240 
    68.968      7.633      4.159      7594277 
    70.160      1.291      4.489     45911688 
    71.574      3.509      4.550      7695742 
    71.599      1.344      4.549     21006664 
    71.620      4.281      4.544     14029416 