   114.987      6.375      6.842      8509995 
   115.073      9.955      6.845      5889497 
   117.587      4.035      6.593      4124525 
   117.608      0.664      6.601     11111925 
   117.620      1.738      6.600      5658236 
   117.641      1.311      6.600      6345924 
   117.674      7.025      6.597     55801068 
   117.681      1.518      6.599      3751977 
   117.714     -0.083      6.606      3587603 
   117.847      0.360      6.603      5958045 
   117.887      0.959      6.595      3694586 
   118.106      2.191      6.551      4774765 
   118.137      0.534      6.552      6273035 
   118.213      1.841      6.555      7548926 
   118.217      3.631      6.553      8504314 
   118.277      6.750      6.553     59728384 
   118.279      0.906      6.554      7632866 
   118.336      0.778      6.555      5506566 
   118.377      2.802      6.856      8352556 
   118.393      7.150      6.858     42377584 
   118.436      0.870      6.857     26431946 
   118.441      3.009      6.858      6563270 
   118.465      4.017      6.553      3809166 
   118.469      6.929      6.791     80079048 
   118.518      4.306      6.792      9745286 
   118.535      4.522      6.786     11531488 
   118.581      1.292      6.789      4395646 
   118.615      4.503      6.278      3891234 
   118.616      3.102      6.861      7729486 
   118.648     -0.081      6.282     10244047 
   118.675      6.832      6.284     79724440 
   118.725      6.968      6.858     55869704 
   118.778      1.207      6.861     13973073 
   118.807      3.921      6.860     10075445 
   120.838      6.647      6.648     23098508 
   122.330      6.839      6.372      5209427 
   122.391      6.651      6.373      4145258 
   126.212      9.958      6.674     12394937 
   126.228      3.223      6.680      6582392 
   126.306      3.407      6.674      9107055 
   126.322      7.162      6.679      5393450 
   126.351      3.044      6.676      4719502 
   126.376      7.286      6.669      4708286 
   128.171      6.393      6.833      4240892 
   128.258      6.710      6.832     19798746 
   128.304      4.648      6.838      5660137 
   128.620      0.593      6.726      5750307 
   128.680      1.205      6.732      8247804 
   128.682      6.728      6.727     57543120 
   128.688      6.551      6.725     23019586 
   128.732      1.404      6.727      8342473 
   128.798      6.606      6.318     18627952 
   128.810      7.101      6.990     13112217 
   128.832      0.278      6.319      9832762 
   128.839      6.320      6.318     79084744 
   128.891      6.993      6.991     36020776 
   128.908      0.937      6.994      7186464 
   128.998      6.988      6.308      3805258 
   129.041      1.414      6.998      4973414 
   129.075      0.418      6.317      3608856 
   129.858      6.386      6.708     14479038 
   129.892      6.815      6.709     16449691 
   130.304      0.680      7.109      6733642 
   130.329      1.396      6.542      5020964 
   130.501      1.691      6.548      3735225 
   130.506      0.933      7.099      6247859 
   130.506      3.347      7.102      4580857 
   130.517      1.212      7.099      6168340 
   130.541      1.398      7.108      4328636 
   130.601      6.736      6.547     23783876 
   130.939      6.991      6.607     31740652 
   131.210      6.324      6.615      6148304 
   131.272      4.569      6.384     11846629 
   131.340      1.853      6.382      5555750 
   131.340      1.781      6.382      6628502 
   131.350      2.731      6.379      6658120 
   131.374      0.428      6.383      4248119 
   131.446      6.704      6.381     16053800 
   131.582      3.090      6.978      7843960 
   131.639      4.654      6.972      8150728 
   131.706      3.603      6.744      7156921 
   131.707      0.948      6.731      5090022 
   131.729      2.893      6.745      6793574 
   131.731      0.732      6.970     10307425 
   131.736      1.316      6.975      8904723 
   131.744      0.425      6.740      6743438 
   131.767      6.861      6.973     63055472 
   131.778      3.926      6.974      9946472 
   131.836      2.501      6.968      5533342 
   131.839      0.733      6.740      7872064 
   131.880      3.694      6.742      7537288 
   131.898      1.717      6.742      5741806 
   131.975      6.550      6.744     19043098 
   132.002      3.156      6.747      4880396 
   132.084      4.300      7.054      7588542 
   132.092      3.583      7.050      6727540 
   132.118      0.665      7.048      8589287 
   132.130      0.519      7.052      6565671 
   132.143      3.158      7.046      8102564 
   132.627      3.392      6.831     10514585 
   132.633      4.495      6.833     15984834 
   132.649     -0.081      6.835      8804226 
   132.652      6.596      6.831      9787728 
   132.653      6.287      6.833     92449184 
   132.664      3.002      6.832     11741556 
   132.692      0.941      6.834      8703558 
   132.752      2.604      6.831      5560299 
   132.762      3.103      6.833      9531861 
   132.873      2.294      6.753     10356801 
   132.897      3.633      6.749      5120968 
   132.938      0.809      6.747      7651291 
   132.975      0.911      6.751     10780604 
   132.982      6.558      6.756     47055696 
   132.983      4.016      6.754     14186834 
   133.076      1.883      6.753     10879751 
   133.085      3.412      7.157      7252874 
   133.092      2.789      6.934      8877305 
   133.115      3.231      7.152      8769927 
   133.118      6.856      7.153     25113478 
   133.123      6.793      6.934     59786304 
   133.123      2.081      6.936      6037198 
   133.161      0.869      7.154     15855145 
   133.193      4.514      6.929      3952759 
   133.201      1.733      7.024      8003408 
   133.208      4.307      6.933     13494025 
   133.213      1.128      6.932      5176440 
   133.214      3.341      6.927      7196762 
   133.221      1.271      6.933      4922880 
   133.246      6.684      7.151      6149606 
   133.305      1.502      7.018      5370932 
   133.341      4.558      7.150      6882990 
   133.349      0.953      7.012      5736892 
   133.370      0.665      7.026      7513078 
   133.395      5.030      7.028     10743485 
   133.401      4.048      7.025      5800615 
   133.406      2.615      7.025     10195748 
   133.419      6.599      7.027     30400872 
   133.428      1.302      7.026      4193560 
   133.483      3.385      7.021      7083850 
   138.654      1.498      7.812      6758399 
   138.674      1.673      7.812     11787007 
   138.685      3.033      7.812      6070028 