   108.082      2.845      7.613      6023006 
   108.086      4.209      7.614     11781569 
   108.092      0.868      7.613     21327962 
   108.093      2.597      8.005      2996141 
   108.096      9.575      7.613     11869231 
   108.097      4.292      7.614      9308157 
   108.099      3.738      7.616      3210909 
   108.101      2.687      7.612      4840292 
   108.105      5.271      8.012      4387434 
   108.107      9.450      8.008      9194139 
   108.108      1.285      8.009     12880854 
   108.110      4.458      8.007      9388582 
   108.111      8.761      7.618      2316384 
   108.118      6.907      8.008     14934128 
   108.674      1.506      8.178     17318304 
   108.681      7.609      8.177     10263057 
   108.681      0.994      8.177     15870701 
   108.681      7.693      8.177     10473834 
   108.684      2.151      8.180      6149690 
   108.687      4.369      8.180      5958260 
   108.688      1.810      8.179     10166436 
   108.713      3.842      8.175      4253202 
   108.989      3.072      7.630      5643354 
   108.994      6.580      7.629     38873808 
   109.006      7.631      6.584     31433988 
   109.011      2.832      7.636      4760752 
   109.026      0.970      7.629      7304604 
   109.037      0.970      6.585      5318052 
   109.069      3.071      6.582      3117027 
   110.437      1.761      6.686      3983959 
   110.438      1.977      6.689      7791832 
   110.439      1.980      7.008      7498502 
   110.440      6.687      7.009    173516048 
   110.440      7.004      6.689    307105056 
   110.451      1.753      7.008      3388054 
   110.460      1.481      6.691      2587599 
   111.667      4.424      8.879      3274126 
   111.686      1.288      8.875      8585775 
   111.687      3.085      8.876     13023110 
   111.695      4.276      8.879      3523885 
   111.848      7.707      7.075     61645512 
   111.848      2.686      7.702      8205026 
   111.851      2.686      7.078      5243476 
   111.854      7.077      7.704     69591992 
   111.867      2.564      7.703      7268332 
   111.892      2.564      7.080      4084944 
   112.037      8.357      7.952     13650163 
   112.042      4.189      7.952      7819233 
   112.042      3.607      7.953      3307252 
   112.056      1.543      7.952     17063712 
   112.058      3.703      7.951      6002994 
   112.062      3.884      7.952      8497866 
   112.080      5.171      7.951      3876698 
   112.545      3.972      8.754      2330396 
   112.599      4.111      8.757      3432077 
   112.963      7.719      6.993     58415948 
   112.963      6.993      7.722     79702744 
   112.971      2.794      7.720      7644674 
   112.995      2.799      6.993      4333558 
   113.431      1.922      7.294      2583560 
   113.450      2.313      6.942      3953860 
   113.451      2.174      6.948      2233630 
   113.454      3.036      7.299      3593147 
   113.459      7.294      6.940     96553720 
   113.460      6.936      7.297     89678400 
   113.463      2.318      7.300     12058904 
   113.480      2.185      7.301      4700820 
   113.545      4.233      7.648     10368051 
   113.552      0.855      7.649      4317315 
   113.553      1.404      7.651     15631688 
   113.561      3.888      7.652     47252360 
   113.561      4.309      7.650      6849009 
   113.565      3.101      7.650      4034164 
   113.568      1.915      7.650      5963131 
   113.577      8.759      7.651     11270816 
   113.580      2.072      7.652      4655558 
   113.586      1.697      7.655      3396455 
   113.630      6.921      7.654      5834850 
   113.683      2.717      6.893      7167736 
   113.687      7.572      6.892    166720640 
   113.689      6.886      7.568    145991392 
   113.696      2.718      7.567     13079178 
   113.708      4.025      7.568      3380256 
   113.714      4.039      6.893      3020235 
   113.994      1.801      8.321      3711949 
   114.018      2.300      7.760      8409852 
   114.021      3.016      8.319      7355798 
   114.024      2.660      7.759     11545864 
   114.030      4.432      8.320      3924975 
   114.032      1.999      7.763      2907504 
   114.033      1.534      8.320      3108674 
   114.035      3.187      8.320      6014714 
   114.038      7.067      7.760    102964592 
   114.044      6.914      8.323      4226012 
   114.052      2.065      8.320      3555970 
   114.054      7.758      7.069     87122720 
   114.054      2.664      7.070      4845189 
   114.250      3.091      7.397      8215006 
   114.252      7.392      6.915     50338504 
   114.258      6.905      7.399     54735284 
   114.265      3.084      6.920      5003980 
   114.322      4.478      7.472      9485584 
   114.327      4.029      7.473      3039988 
   114.329      1.318      7.473      7485198 
   114.329      2.713      7.471     20449174 
   114.332      7.615      7.471     17964706 
   114.345      3.810      7.473      5403510 
   114.772      3.940      7.069      3138502 
   114.804      7.390      7.066      8443367 
   114.806      1.986      7.066      6619464 
   114.807      0.937      7.068      3073860 
   114.807      3.107      8.113      2558566 
   114.812      7.688      7.063      6613892 
   114.815      3.300      7.062      8359445 
   114.821      4.285      7.065      7561849 
   114.821      8.167      7.062      8166396 
   114.829      6.719      8.116      2541654 
   114.842      3.607      8.119      2354652 
   114.842      1.864      8.120      7224448 
   114.853      2.733      8.119      5124992 
   114.855      0.726      8.116      9058566 
   114.859      1.491      8.118      4461875 
   114.859      4.571      8.117      7261328 
   114.861      6.391      8.117      5714362 
   114.862      7.157      8.115     11445777 
   114.863      3.413      8.114      3781344 
   114.866      4.011      8.117      3259437 
   114.882      4.416      8.121      3138711 
   114.887      3.897      8.670      3652175 
   114.904      4.277      8.674      3978222 
   114.907      8.821      8.672      8996996 
   114.926      4.426      8.671     12440297 
   114.928      2.794      8.670     28029946 
   114.934      1.981      8.670      6053639 
   114.935      1.797      8.671      9317738 
   114.959      7.766      8.672     11439572 
   115.040      7.784      6.939    102663800 
   115.056      6.937      7.792    125676920 
   115.062      2.389      6.938      5466874 
   115.063      2.395      7.790     13516727 
   115.310      1.751      7.134      7928678 
   115.315      1.976      7.132     12303345 
   115.316      4.322      7.135      9570160 
   115.322      1.492      7.135     37129676 
   115.323      4.110      7.134     18003808 
   115.329      7.457      7.134     34986964 
   115.333      1.310      7.134     16557732 
   115.352      5.032      7.136      2402061 
   115.391      1.547      7.331      2355424 
   115.393      2.125      8.430      4290087 
   115.393      0.943      7.129      3024652 
   115.398      3.928      8.431      8449016 
   115.398      8.278      7.327     19650962 
   115.400      0.963      8.432      5847819 
   115.405      2.637      7.329     10558978 
   115.406      8.757      7.330     13978389 
   115.409      2.929      7.329     17091594 
   115.411      3.999      7.329     44709040 
   115.415      4.376      7.328     20847438 
   115.418      4.490      7.331      8107592 
   115.427      4.217      8.433      4390174 
   115.450      1.165      7.321      2750115 
   115.456      3.170      7.326      2796522 
   115.643      2.748      8.041      3158698 
   115.671      1.869      8.043      4980567 
   115.672      4.012      8.041      2986279 
   115.675      3.088      8.044     19680964 
   115.677      4.413      8.045     29024282 
   115.681      0.964      8.046      4639459 
   115.697      4.575      8.043      4132295 
   115.709      3.606      8.042      5782188 
   115.979      4.651      7.382      6266816 
   115.981      1.978      7.388      3486429 
   115.994      7.634      7.381      5879156 
   115.994      4.316      7.385      3684944 
   116.001      0.539      7.380      6176238 
   116.019      2.739      7.387      2066302 
   116.034      0.781      7.387      3455263 
   116.037      8.208      7.379      2245171 
   116.089      2.886      8.348     10941659 
   116.092      2.650      8.349      4877520 
   116.093      1.325      8.349     11954065 
   116.097      8.083      8.350      8307437 
   116.100      4.365      8.349      3853964 
   116.101      4.051      8.347      6288448 
   116.104      0.363      8.350      3482278 
   116.104      0.663      8.348     11878432 
   116.106      1.070      8.348      6511537 
   116.108      1.732      8.353      5519596 
   116.202      2.891      8.439      3640551 
   116.203      0.971      8.441      2660361 
   116.208      1.409      8.432      4017973 
   116.208      1.333      8.437      5108342 
   116.213      3.727      8.438      9298531 
   116.216      1.914      8.440     11210084 
   116.221      3.152      8.439      6359835 
   116.223      1.720      8.439     11540606 
   116.223      2.608      8.815      5700516 
   116.227      7.534      8.440      7085216 
   116.229      7.018      8.819      3228402 
   116.235      4.382      8.817      6051296 
   116.235      3.034      8.815      3260762 
   116.239      3.398      8.817     11005662 
   116.239      4.117      8.818      8619355 
   116.243      5.035      8.817     18942390 
   116.274      4.288      8.819      5084065 
   116.405      1.976      7.455      3438596 
   116.413      1.311      7.456      6417440 
   116.421      4.369      7.455      4763278 
   116.424      7.140      7.457     37834388 
   116.425      3.401      7.456      6217196 
   116.428      0.948      7.455      6685725 
   116.429      1.499      7.458     10110292 
   116.431      7.019      7.458     11647840 
   116.434      2.610      7.455     11972974 
   116.434      4.465      7.263      6143904 
   116.437      4.102      7.457      6418236 
   116.438      1.747      7.458      2389550 
   116.439      5.034      7.456     10518416 
   116.440      8.496      7.262     11810334 
   116.440      2.909      7.263     19149574 
   116.446      0.093      7.264      5229076 
   116.458      4.173      7.263      9041372 
   116.465      6.894      7.264     13844028 
   116.474      1.547      7.263     14077619 
   116.610      4.301      7.264      2830046 
   116.628      1.349      7.265      3363825 
   116.631      2.190      7.265      9493095 
   116.638      1.847      7.265     31312444 
   116.657      4.033      7.264     17960506 
   116.660      3.846      7.264      7503223 
   116.676      2.317      7.263     19105032 
   116.683      7.604      7.265     19827206 
   116.687      8.162      7.264     21125734 
   117.261      3.407      7.159      7524256 
   117.263      4.000      7.161     15888517 
   117.267      8.114      7.162     17973338 
   117.272      2.066      7.162     20605798 
   117.273      0.728      7.161     19136434 
   117.275      1.493      7.162     16350022 
   117.276      8.197      7.162     17384694 
   117.298      2.258      7.159      3036200 
   117.380      2.999      7.600      6483496 
   117.383      1.511      7.600     11333233 
   117.390      0.815      7.599      5350252 
   117.393      1.658      7.599     22427782 
   117.395      4.307      7.599      6783479 
   117.396      3.845      7.599     20420572 
   117.396      1.823      7.599     49974012 
   117.398      8.342      7.598     18125604 
   117.403      7.263      7.599     17555482 
   117.424      1.354      7.600      6187885 
   117.434      2.895      8.073      3362425 
   117.434      4.131      8.070      5926791 
   117.436      0.658      8.070      6242529 
   117.442      1.458      8.072      3609521 
   117.446      0.362      8.070      3228682 
   117.448      1.735      8.074      3924075 
   117.449      8.346      8.074     14124022 
   117.450      3.842      8.073      7387627 
   117.457      4.048      8.071     15139634 
   117.458      1.071      8.071     10542427 
   117.459      4.375      8.071     10696404 
   117.463      7.181      8.072     15130068 
   117.469      1.316      8.073      7602514 
   117.476      8.438      7.535      9468919 
   117.477      2.371      7.535      8179074 
   117.479      1.711      7.538      9003670 
   117.487      7.705      7.536     12875325 
   117.489      2.152      7.535     25650874 
   117.490      3.745      7.535      3645301 
   117.490      4.000      7.535      8454231 
   117.496      1.346      7.534      6158142 
   117.682      4.218      7.798      7604303 
   117.683      4.079      7.804     14041375 
   117.687      8.732      7.800     12021056 
   117.687      1.614      7.801     12766736 
   117.694      1.961      7.802     36950276 
   117.695      2.177      7.801     24554782 
   117.704      7.597      7.801     16374228 
   117.766      2.301      7.845     10569788 
   117.779      2.171      7.842     20752028 
   117.785      1.682      7.845     15258183 
   117.789      4.106      7.840     11729672 
   117.792      1.936      7.844     43099544 
   117.803      3.705      7.846      4047248 
   117.803      4.504      7.849      3219534 
   117.819      4.423      7.847      3427252 
   117.819      9.300      7.844      8572317 
   117.820      7.299      7.845     10590755 
   117.821      0.762      7.847      1979251 
   117.823      3.257      7.846      2733487 
   118.056      0.914      7.567      5272370 
   118.068      1.887      7.566      6452404 
   118.068      3.816      7.566     14507281 
   118.075      8.160      7.565     12236600 
   118.076      7.441      7.567     12839238 
   118.087      1.319      7.565     39365660 
   118.093      2.980      7.561      3181987 
   118.094      4.025      7.566      8137251 
   118.111      2.298      7.566      8456052 
   118.113      6.761      7.569      3554707 
   118.115      7.466      7.638     23030510 
   118.122      2.559      7.638     22626444 
   118.128      4.653      7.640     20156588 
   118.129      2.719      7.639     22454848 
   118.132      4.481      7.639     14100294 
   118.136      7.389      7.638     24181448 
   118.169      2.319      7.845      6143766 
   118.186      0.774      7.632      5387358 
   118.191      3.605      8.228      4723730 
   118.199      2.063      8.228     49219132 
   118.200      0.959      8.228     15851952 
   118.203      1.933      8.226     20989106 
   118.204      4.284      8.228      4710091 
   118.204      2.412      8.228     16136225 
   118.206      3.999      8.227     19446650 
   118.208      7.157      8.228     13754927 
   118.212      2.256      8.227     10462971 
   118.216      7.844      7.618     34527244 
   118.221      7.622      7.843     26017596 
   118.322      1.558      8.756      2743784 
   118.368      3.995      8.283      7172456 
   118.380      1.700      8.751     13993501 
   118.380      4.183      8.748      5316643 
   118.387      2.791      8.289     26568972 
   118.391      1.139      8.290     18218338 
   118.392      2.572      8.289     13102495 
   118.393      6.923      8.750     11134588 
   118.395      7.656      8.751      6654528 
   118.396      4.323      8.288     13608596 
   118.397      3.880      8.750      5266558 
   118.413      3.776      8.290      4716626 
   118.415      1.390      8.745      5827191 
   118.440      2.245      8.363     13795908 
   118.444      3.753      8.754      2257096 
   118.446      7.825      8.366      8564514 
   118.446      1.887      8.363     17027412 
   118.448      0.922      8.361     11154439 
   118.451      3.638      8.366      2996910 
   118.453      1.744      8.362     13357601 
   118.457      7.726      8.368      5987615 
   118.461      4.192      8.363      9832068 
   118.480      4.074      7.701      4502566 
   118.491      1.670      6.922      4059872 
   118.509      2.077      6.920      4794458 
   118.513      1.527      6.920      9428611 
   118.514      0.801      8.749      6907926 
   118.520      3.031      6.921     28247502 
   118.521      4.481      6.922     14932810 
   118.522      0.290      6.922      4569264 
   118.530      9.104      6.917      4855320 
   118.530      8.140      6.921     24777344 
   118.532      2.824      6.920     10612726 
   118.548      8.314      6.922      6560101 
   118.610      4.254      8.747      7406730 
   118.615      0.951      8.749      4377762 
   118.633      2.935      8.749     11827853 
   118.634      4.427      8.749      3987949 
   118.634      2.125      8.749      8995649 
   118.636      7.324      8.747      8554433 
   118.642      2.638      8.746      8487679 
   118.649      0.527      7.306      3600523 
   118.650      8.588      8.750      6637899 
   118.657      4.309      7.307      9982345 
   118.657      3.164      7.307     18450212 
   118.657      8.239      7.307     16804878 
   118.658      3.589      7.307     20235298 
   118.658      0.684      7.304      3598330 
   118.659      7.845      7.307     13451484 
   118.669      3.167      8.747      3285979 
   118.680      7.045      7.307      9708553 
   118.690      4.658      7.307      7297750 
   118.690      4.116      7.307      5258089 
   118.713      1.925      7.306     19053744 
   118.715      1.692      7.306      4272534 
   118.732      7.735      7.970     11653951 
   118.733      3.639      7.969      3860768 
   118.738      1.574      7.970     15601844 
   118.739      2.082      7.970     13486704 
   118.739      1.836      7.969     20616066 
   118.743      8.727      7.971     14022580 
   118.749      4.192      7.969     12898049 
   118.776      0.927      7.968      2475738 
   118.895      4.461      7.292      3503026 
   118.895      4.179      7.292      4862990 
   118.899      2.844      7.292      4717722 
   118.913      6.879      7.293     11084834 
   118.917      1.551      7.296      3078543 
   118.918      3.030      7.293     20272074 
   118.925      8.938      7.292      7702252 
   118.937      3.944      7.295      9709180 
   118.940      2.594      7.292     10066716 
   119.222      7.961      8.405      7547650 
   119.223      3.542      8.401      4866779 
   119.233      4.664      8.403     10226264 
   119.236      0.965      8.405      4805656 
   119.241      1.205      8.406      4155599 
   119.244      8.948      8.404      5460396 
   119.245      1.540      8.405      2875371 
   119.255      3.884      8.403      3973965 
   119.272      3.684      8.404      4795642 
   119.307      1.531      8.727      3004200 
   119.328      7.978      8.728      7235848 
   119.328      0.854      8.973      2165816 
   119.336      3.840      8.728      5323022 
   119.336      0.823      8.730      3968006 
   119.337      2.178      8.729     22117736 
   119.346      1.839      8.729      4877241 
   119.350      4.182      8.730      4972418 
   119.350      1.731      8.971      4487406 
   119.357      7.797      8.728      6378784 
   119.369      2.206      8.972      4704380 
   119.377      4.314      8.972      2403034 
   119.388      7.479      8.969      7277550 
   119.389      1.416      8.972      2628815 
   119.397      1.948      8.972      2247710 
   119.586      1.961      7.479      4299607 
   119.588      6.936      7.474      3474700 
   119.595      1.726      7.480      7586630 
   119.608      4.519      7.477     11905653 
   119.609      1.296      7.477     30499458 
   119.613      2.211      7.478     13485928 
   119.615      8.982      7.480     10330492 
   119.619      4.314      7.478      9312404 
   119.627      0.847      7.477      4306902 
   119.661      8.165      8.339     11165426 
   119.661      1.403      8.337      8644631 
   119.666      3.945      8.336      4781803 
   119.672      1.945      8.334     24338696 
   119.680      3.598      8.334      7479310 
   119.681      0.934      8.335     12547427 
   119.695      4.134      8.274      8866667 
   119.739      3.410      8.342      1852450 
   119.760      1.915      8.241     20937736 
   119.761      3.163      8.241      4320296 
   119.762      0.526      8.240     25275972 
   119.764      3.593      8.244      8539210 
   119.764      0.646      8.239      9210295 
   119.765      3.690      8.239      5894882 
   119.765      7.298      8.241     10863475 
   119.768      2.891      8.237     10095212 
   119.769      2.481      9.299      3256047 
   119.774      6.949      9.303      2288022 
   119.779      7.049      8.241      6124883 
   119.781      9.107      8.240     11408706 
   119.795      2.336      9.298      4541324 
   119.799      0.729      9.298      5762225 
   119.801      8.146      9.298      9424241 
   119.801      2.170      9.299     17057640 
   119.802      7.846      9.299      7075996 
   119.816      3.710      9.299      7515840 
   119.822      3.079      9.301      6254939 
   119.842      4.432      9.304      4308403 
   119.854      7.543      7.726     12762876 
   119.856      1.716      7.726     15794457 
   119.864      3.797      7.726     10411968 
   119.864      8.387      7.726     18235774 
   119.865      2.152      7.726     12926733 
   119.867      0.871      7.726      8860669 
   119.868      1.026      7.727     32979266 
   119.884      3.993      7.728      3733534 
   120.133      0.943      7.178      2187308 
   120.145      4.475      8.408     10729799 
   120.158      0.910      8.409      9174664 
   120.159      4.130      8.410     41594696 
   120.161      3.838      7.182      5278443 
   120.161      4.374      7.179     18680324 
   120.164      1.741      7.184      4512144 
   120.167      2.039      8.408      6494105 
   120.168      8.076      7.182     15401209 
   120.170      3.838      8.410     16218485 
   120.173      1.468      7.182     57060184 
   120.174      4.327      7.183     26735558 
   120.175      4.055      7.181     10004320 
   120.177      3.062      8.345      3323231 
   120.178      3.285      8.343      6145518 
   120.181      7.606      8.343     10182173 
   120.190      1.667      8.343     24324822 
   120.192      8.902      8.342      6572016 
   120.192      2.999      8.344     10083564 
   120.193      2.650      8.342      4318394 
   120.197      0.824      8.342      7099430 
   120.202      1.979      7.184      4242974 
   120.289      0.955      8.329     11733310 
   120.323      4.360      8.331      6388796 
   120.323      2.044      8.328     15446470 
   120.325      1.548      8.329     44099316 
   120.328      4.091      8.329     14609112 
   120.329      9.123      8.328     11491874 
   120.332      3.673      8.328      4098510 
   120.349      7.960      8.328     10270928 
   120.480      8.721      7.592      2740620 
   120.498      1.967      7.597     21890250 
   120.500      1.502      7.598     42224196 
   120.501      4.092      7.597      7201313 
   120.504      4.260      7.598     16176868 
   120.505      7.802      7.598     22808404 
   120.512      8.162      7.597     15455686 
   120.531      0.982      7.597      3981816 
   120.696      1.742      7.740      6104011 
   120.726      8.362      7.744     11710847 
   120.727      1.577      7.743     37472072 
   120.727      4.219      7.743     19952338 
   120.728      7.973      7.742     14448454 
   120.729      1.884      7.743     14594862 
   120.749      4.497      7.748      3618117 
   120.767      1.831      9.037      9787774 
   120.774      1.725      9.037      7113079 
   120.777      1.298      9.038     16468742 
   120.780      4.521      9.038     29229052 
   120.793      2.062      9.040      8362965 
   120.854      3.893      8.586      6293669 
   120.887      3.122      8.583     11794537 
   120.889      0.950      8.587     30377292 
   120.890      7.767      8.587     18855574 
   120.892      2.128      8.587     23056750 
   120.895      4.396      8.584      2773182 
   120.896      3.022      8.588      9163496 
   120.900      0.787      8.585      8832159 
   120.900      1.778      6.896      3169282 
   120.902      1.549      6.895     16913258 
   120.903      8.732      8.588     16625827 
   120.907      4.497      8.588      3601330 
   120.907      1.900      6.891      3973033 
   120.909      3.944      6.896      3091056 
   120.910      0.596      6.892      7107268 
   120.913      0.096      6.891      6046653 
   120.916      7.281      6.892     22558570 
   120.919      0.289      6.894      7672863 
   120.921      0.786      6.892     12961359 
   120.923      2.888      6.895     11080195 
   120.995      1.686      9.459      3372084 
   120.996      3.664      8.933      3918390 
   120.999      3.533      8.932      3033069 
   121.005      2.676      9.457      6111260 
   121.011      0.962      8.935      4478064 
   121.014      4.092      8.933      3935514 
   121.018      8.406      8.933     12348771 
   121.022      2.835      8.933     10751353 
   121.023      3.070      8.933     17996510 
   121.026      1.301      9.457      3809930 
   121.029      7.292      8.934      9712284 
   121.030      4.227      9.458     12551295 
   121.030      4.463      8.932      9938047 
   121.033      0.986      9.457     20938510 
   121.036      4.665      8.934     10487793 
   121.037      2.570      9.455      5972767 
   121.038      2.236      9.457     17498916 
   121.040      8.013      9.456     11362445 
   121.047      3.991      9.458      3127494 
   121.047      1.208      8.933      5309362 
   121.048      2.161      8.274     12301712 
   121.052      1.862      8.276     54260644 
   121.053      4.255      8.275     69261288 
   121.055      4.134      8.274     28547732 
   121.059      1.507      8.277     12380287 
   121.061      0.872      8.275      5704160 
   121.066      0.852      9.456      5576204 
   121.132      3.943      8.489      4951155 
   121.139      2.917      8.493      8944350 
   121.140      4.322      8.491      9799778 
   121.140      1.573      8.486      6699156 
   121.140      7.940      8.489      9138081 
   121.146      1.843      8.491     16274918 
   121.149      7.064      7.688     10722812 
   121.150      3.947      7.689     11873277 
   121.153      2.316      7.688      7842769 
   121.155      7.265      8.488      8569625 
   121.156      1.991      7.687     28409124 
   121.157      1.981      8.490     15768818 
   121.162      8.170      7.688     18098958 
   121.164      4.069      7.689      5908341 
   121.164      1.801      7.689      5562419 
   121.164      2.659      7.689     14648991 
   121.164      2.153      7.686      4428240 
   121.167      1.507      7.688      8164143 
   121.173      0.979      7.688      7882503 
   121.176      4.358      7.689      3607464 
   121.400      7.722      8.383     12874222 
   121.401      3.772      8.383     10478116 
   121.403      0.876      8.385      6310384 
   121.410      1.713      8.385      9163609 
   121.413      1.138      8.385     24951734 
   121.414      1.499      8.206     18087408 
   121.416      4.315      8.206     46105204 
   121.417      0.541      8.205      7802448 
   121.417      1.966      8.206     33262312 
   121.422      0.777      8.207     12153264 
   121.423      1.876      8.207     21377832 
   121.433      1.695      8.208      5744586 
   121.434      0.099      8.382      2908766 
   121.439      7.379      8.209      6754075 
   121.447      4.068      8.209      3573158 
   121.636      3.229      7.931     13020273 
   121.643      3.413      7.931     12245248 
   121.646      1.843      7.931      4033313 
   121.650      1.977      7.932      5797250 
   121.651      4.561      7.932      8017372 
   121.653      7.153      7.931      4414430 
   121.660      2.889      7.929      5111197 
   121.661      8.504      7.931     16882242 
   121.662      4.332      7.931      2983018 
   121.665      1.582      7.934      5063358 
   121.824      2.129      8.309     10106059 
   121.834      0.983      8.309     12218433 
   121.845      3.837      8.308      6208829 
   121.850      1.937      8.307      4778832 
   121.853      4.329      8.310     18886252 
   121.890      9.108      8.249     12433543 
   121.902      2.871      8.249     32511776 
   121.903      2.631      8.250     21231926 
   121.914      4.376      8.248     17544304 
   121.924      0.677      8.256      3343972 
   121.941      0.868      8.579      3930964 
   121.959      3.739      8.579      3447435 
   121.960      0.729      8.579      4283440 
   121.968      1.137      8.578      7203477 
   121.978      1.563      8.580     12542336 
   121.983      4.318      8.580     17343886 
   121.985      2.803      8.581     18600568 
   121.986      6.933      8.579      4646914 
   121.989      3.349      8.580     17609858 
   121.989      9.574      8.580     13015942 
   122.021      4.116      8.218     24899762 
   122.029      0.904      8.217     55216104 
   122.030      2.066      8.217     39448488 
   122.033      3.837      8.217     20857168 
   122.049      8.453      8.217     23925942 
   122.204      2.498      8.138     14940612 
   122.208      2.822      8.137      4933370 
   122.220      6.912      8.139     17845682 
   122.221      0.279      8.140      5250794 
   122.222      3.072      8.140     20785516 
   122.228      4.658      8.140      6441020 
   122.234      9.299      8.139     10848849 
   122.240      4.337      8.144      4304712 
   122.266      4.467      8.142      3513630 
   122.272      1.447      8.462     11192117 
   122.275      1.713      8.461     25753466 
   122.280      1.797      8.457     20285704 
   122.281      4.374      8.460     66764344 
   122.290      2.261      8.461     10999149 
   122.295      1.987      8.461      3699678 
   122.353      3.799      8.304      6882978 
   122.360      2.796      8.303     23917500 
   122.369      2.996      8.303     19317522 
   122.377      2.576      8.303      9257649 
   122.380      8.905      8.303     10634291 
   122.460      1.285      6.914      3956383 
   122.475      1.641      6.911     27971890 
   122.479      4.226      6.913      3094402 
   122.489      7.574      8.169     10026495 
   122.489      3.985      6.912      3089901 
   122.490      6.756      8.167      4371574 
   122.491      3.788      6.914     10326753 
   122.492      0.283      6.915      6772920 
   122.501      8.013      6.914     18749846 
   122.502      4.022      8.169      9245249 
   122.503      0.454      6.912      8222220 
   122.505      4.456      6.912      9171492 
   122.506      7.266      8.169     10743993 
   122.506      0.917      8.167      2984408 
   122.507      2.300      8.169     11783112 
   122.508      1.900      8.168     15459949 
   122.513      8.813      7.764      4399352 
   122.521      6.832      7.770      3254082 
   122.525      8.599      7.768     22146666 
   122.529      2.795      7.770     18011204 
   122.530      3.115      7.768     24532914 
   122.531      4.485      7.767     14144626 
   122.532      3.037      7.769     20971194 
   122.537      4.299      8.272    128374728 
   122.538      4.380      8.173      4001723 
   122.539      1.406      8.271     10637319 
   122.541      4.135      8.269     27155680 
   122.543      8.161      8.168    178256928 
   122.543      2.037      8.271     41161224 
   122.543      0.914      8.271     56231044 
   122.544      0.948      7.763      4497258 
   122.547      1.750      8.272     22658096 
   122.573      1.405      8.169     27882946 
   122.576      3.291      8.167      8745062 
   122.577      2.126      7.770      2533097 
   122.580      7.058      8.169      9895540 
   122.588      0.967      8.168      5140590 
   122.588      2.992      8.302      8034036 
   122.588      2.805      8.304      8178810 
   122.588      2.593      8.308      4280011 
   122.588      3.000      8.172      2983946 
   122.590      3.398      8.168     10687363 
   122.592      8.356      8.169     15647819 
   122.923      0.874      8.889      2488696 
   122.942      3.783      8.889      5198864 
   122.947      3.291      8.889     13042674 
   122.952      8.322      8.889     16153552 
   122.952      3.023      8.889     15094267 
   122.958      2.805      8.889      6699363 
   122.958      2.651      8.889     13245574 
   122.983      4.300      8.888      3499246 
   122.988      1.677      8.887      2879938 
   123.036      7.155      8.506      6083114 
   123.040      3.230      8.504      8549088 
   123.040      1.685      8.506      3424256 
   123.042      0.867      8.504      8141944 
   123.043      4.181      8.504      4830760 
   123.043      3.742      8.505     10745722 
   123.043      4.547      8.503      3700068 
   123.045      1.560      8.503     25508326 
   123.046      7.940      8.504      9397351 
   123.061      3.409      8.504      5976786 
   123.066      2.880      8.502      3730273 
   123.127      1.888      8.234     12069996 
   123.141      4.242      8.233    123237792 
   123.143      1.574      8.233     78312480 
   123.145      1.980      8.233     15181858 
   123.149      2.217      8.232      7304894 
   123.157      0.875      8.233     11236029 
   123.301      3.660      9.133     12791900 
   123.309      0.354      9.133      2823602 
   123.312      4.250      9.134      3756084 
   123.313      8.298      9.135     23271690 
   123.314      2.038      9.135     24873788 
   123.316      1.758      9.134     11182511 
   123.317      0.910      9.135     38317828 
   123.332     -0.079      9.135      2877788 
   123.332      1.533      9.131      3337984 
   123.332      1.671      8.520     19155940 
   123.344      4.462      8.520     35916900 
   123.347      1.155      9.141      2722153 
   123.347      1.774      8.521      7840504 
   123.353      3.173      9.135      3876048 
   123.355      1.465      8.521      5586520 
   123.380      3.896      8.825      6069172 
   123.391      4.291      8.826      5841440 
   123.392      1.980      8.823      9569976 
   123.396      4.396      8.826     11735623 
   123.412      1.803      8.823      6859920 
   123.414      4.119      8.824      4001642 
   123.436      4.502      7.830      5475372 
   123.437      4.069      7.826      5470038 
   123.441      2.243      7.826     12624552 
   123.449      0.912      7.825     27577872 
   123.460      3.644      7.827      6379090 
   123.461      8.358      7.825      7761242 
   123.462      3.837      7.828      4602226 
   123.535      1.709      7.074      6542656 
   123.558      6.325      7.075     17046730 
   123.562      1.864      7.075     26283204 
   123.562      2.096      7.075      7912324 
   123.567      4.117      7.075     10477141 
   123.578      3.925      7.075      7144954 
   123.594      1.839      8.910      5668560 
   123.605      8.312      8.912      2580001 
   123.606      4.316      8.911      4311268 
   123.609      4.572      8.911      9152323 
   123.609      1.911      8.911      6185428 
   123.623      2.065      8.910      5306840 
   123.626      1.662      8.911      4578821 
   123.633      1.739      8.318     44934040 
   123.635      4.275      8.317     66427620 
   123.642      1.406      8.318     11699723 
   124.147      0.898      8.468     21636468 
   124.149      1.892      8.464     41766012 
   124.150      3.841      8.468      5455903 
   124.150      2.223      8.468     19604578 
   124.152      4.115      8.468     81493488 
   124.155      2.012      8.468     21333328 
   124.166      4.234      8.472     21884292 
   124.310      4.562      9.579      3551933 
   124.310      3.353      9.582      8445769 
   124.316      8.582      9.581     10165594 
   124.323      2.682      9.584      8168340 
   124.328      4.306      9.582     12139231 
   124.332      7.621      9.581      9821370 
   124.334      2.838      9.582     15466592 
   124.347      6.943      9.587      3516487 
   124.364      1.578      9.581      2470039 
   124.724      1.411      8.469     11969364 
   124.731      1.742      8.469     39054956 
   124.732      4.255      8.469     60530948 
   124.806      7.840      9.113      3907390 
   124.826      3.707      9.113      3156293 
   124.837      2.593      9.114     15020126 
   124.839      2.839      9.114     22459538 
   124.839      4.135      9.113     20631748 
   124.840      0.640      9.112      9427904 
   124.844      1.917      9.113     15852944 
   124.845      0.526      9.113      6982329 
   124.846      8.243      9.114     33572652 
   124.871      7.300      9.110      2420001 
   125.417      3.043      8.079      8548718 
   125.444      4.393      8.092      7865094 
   125.585      4.269      8.814      5718522 
   125.590      1.645      8.815     16217760 
   125.599      4.500      8.816      7053680 
   125.612      1.851      8.814     12521031 
   125.612      1.482      8.815      4651056 
   125.618      1.313      8.811      2857088 
   125.816      3.177      8.278      5586182 
   125.823      4.002      8.280      8690642 
   125.825     -0.083      8.275      6338903 
   125.826      7.326      8.280     11189151 
   125.829      1.501      8.283      3746211 
   125.830      1.755      8.279     11080268 
   125.833      4.368      8.285      3198483 
   125.836      3.610      8.276      8127785 
   125.844      0.958      8.278     12701617 
   125.858      9.130      8.281      6574500 
   125.861      1.164      8.282     12029414 
   127.342      8.529      9.125      2604931 
   127.409      7.844      9.135      3620910 
   127.436      1.684      9.131     24927094 
   127.439      0.763      9.132     18464484 
   127.444      4.067      9.132     46660840 
   127.446      7.623      9.132     10843279 
   127.446      1.879      9.133     10622211 
   127.450      1.422      9.132      8655968 
   127.450      1.352      9.132      9395572 
   127.451      4.460      9.131      9743051 
   127.485      7.235      9.135      3545642 
   128.418      2.072      9.112      6561873 
   128.432      3.034      9.112     11261201 
   128.435      0.285      9.113      8724832 
   128.437      1.527      9.113     16839760 
   128.446      3.787      9.112     34023388 
   128.448      4.571      9.110      7916948 
   128.448      2.825      9.114      5057659 
   128.453      1.638      9.111      9873873 
   128.464      6.910      9.115      5907771 
   128.912      3.029      9.958      3304566 
   128.945      3.227      9.957      3214716 
   128.956      1.785      9.961     11286102 
   128.959      6.844      9.961     16286699 
   128.960      6.677      9.961     29193396 
   128.960      1.892      9.960      9349393 
   128.965      7.291      9.961      4249998 
   128.965      6.921      9.961     10961628 
   128.970      3.406      9.963      4320677 
   128.972      2.194      9.961      3681700 
   129.067      1.831      6.322      6316520 
   129.071      1.709      6.320     10108892 
   129.080      4.509      6.319      3081472 
   129.082      2.743      6.319      6218130 
   129.085      3.930      6.321     12392714 
   129.088      7.075      6.320     11942896 
   129.103      3.695      6.320      3206458 
   129.114      3.119      6.322      7559596 
   129.119      4.212      6.321      4348293 
   129.130      1.107      6.319      4177970 
   130.401      3.887      6.934      6137012 
   130.405      1.147      6.935      6770123 
   130.410      1.691      6.933     10218719 
   130.411      1.562      6.929      5456918 
   130.412      2.210      6.934      4149164 
   130.414      4.189      6.934      7395854 
   130.417      4.311      6.933      9864430 
   130.419      8.747      6.934     21358796 
   130.419      0.809      6.934     13236443 
   130.433      7.664      6.937      3316915 
   130.444      1.272      6.932      8843525 
   130.445      1.379      6.932      6174324 