# Number of dimensions 3
#FORMAT xeasy3D
#INAME 1 C
#INAME 2 H
#INAME 3 HC
#SPECTRUM C13NOESY C H HC
     0  136.914    8.633    8.627 1 U   6.7293E+01 0  a  0     0      0      0
     1  136.914    3.745    8.627 1 U   5.7083E+00 0  a  0     0      0      0
     2  136.005    8.589    8.596 1 U   4.7581E+02 0  a  0     0      0      0
     3  136.005    0.803    8.596 1 U   3.2284E+01 0  a  0     0      0      0
     4  133.123    8.534    7.105 1 U   1.2356E+01 0  a  0     0      0      0
     5  133.123    8.215    7.105 1 U   2.9253E+00 0  a  0     0      0      0
     6  133.123    7.876    7.105 1 U   5.3738E+00 0  a  0     0      0      0
     7  133.123    7.724    7.105 1 U   5.1299E+00 0  a  0     0      0      0
     8  133.123    7.541    7.105 1 U   5.7664E+00 0  a  0     0      0      0
     9  133.123    7.108    7.105 1 U   6.8357E+02 0  a  0     0      0      0
    10  133.123    6.770    7.105 1 U   9.8311E+01 0  a  0     0      0      0
    11  133.123    4.591    7.105 1 U   1.1875E+01 0  a  0     0      0      0
    12  133.123    4.240    7.105 1 U   5.0551E+00 0  a  0     0      0      0
    13  133.123    3.041    7.105 1 U   3.6708E+01 0  a  0     0      0      0
    14  133.123    2.942    7.105 1 U   3.5793E+01 0  a  0     0      0      0
    15  133.123    2.213    7.105 1 U   3.3299E+00 0  a  0     0      0      0
    16  133.123    1.666    7.105 1 U   2.0015E+00 0  a  0     0      0      0
    17  133.123    1.405    7.105 1 U   9.1682E+00 0  a  0     0      0      0
    18  133.123    0.868    7.105 1 U   5.7304E+00 0  a  0     0      0      0
    19  133.123    0.763    7.105 1 U   5.9609E+00 0  a  0     0      0      0
    20  133.123    3.878    7.105 1 U   3.9071E+00 0  a  0     0      0      0
    21  131.799    7.870    7.570 1 U   1.2203E+01 0  a  0     0      0      0
    22  131.799    7.571    7.570 1 U   2.7429E+02 0  a  0     0      0      0
    23  131.799    4.572    7.570 1 U   6.3210E+00 0  a  0     0      0      0
    24  131.777    4.066    7.609 1 U   4.1975E+00 0  a  0     0      0      0
    25  131.799    3.265    7.570 1 U   8.8719E+00 0  a  0     0      0      0
    26  131.799    2.831    7.570 1 U   9.5476E+00 0  a  0     0      0      0
    27  131.799    1.989    7.570 1 U   9.9614E+00 0  a  0     0      0      0
    28  131.799    1.426    7.570 1 U   6.2999E+00 0  a  0     0      0      0
    29  131.662    7.573    6.853 1 U   5.5092E+00 0  a  0     0      0      0
    30  131.662    7.153    6.853 1 U   3.9692E+01 0  a  0     0      0      0
    31  131.799    4.314    7.570 1 U   6.5104E+00 0  a  0     0      0      0
    32  131.777    3.144    7.609 1 U   8.5252E+00 0  a  0     0      0      0
    33  131.777    2.679    7.609 1 U   7.3869E+00 0  a  0     0      0      0
    34  131.662    0.808    6.853 1 U   8.5122E+00 0  a  0     0      0      0
    35  131.662    0.553    6.853 1 U   2.5681E+00 0  a  0     0      0      0
    36  131.662    0.347    6.853 1 U   2.8953E+00 0  a  0     0      0      0
    37  131.662    6.855    6.853 1 U   1.7528E+02 0  a  0     0      0      0
    38  131.662    3.491    6.853 1 U   2.4417E+00 0  a  0     0      0      0
    39  131.662    2.892    6.853 1 U   8.6196E+00 0  a  0     0      0      0
    40  131.662    2.723    6.853 1 U   7.4747E+00 0  a  0     0      0      0
    41  131.662    2.532    6.853 1 U   3.0337E+00 0  a  0     0      0      0
    42  131.662    1.982    6.853 1 U   5.0847E+00 0  a  0     0      0      0
    43  131.662    1.677    6.853 1 U   6.4757E+00 0  a  0     0      0      0
    44  131.662    1.061    6.853 1 U   4.0273E+00 0  a  0     0      0      0
    45  131.662    0.953    6.853 1 U   4.6203E+00 0  a  0     0      0      0
    46  131.545    7.403    7.572 1 U   9.9723E+01 0  a  0     0      0      0
    47  131.457    4.515    7.186 1 U   1.0648E+01 0  a  0     0      0      0
    48  131.457    1.699    7.186 1 U   5.2868E+00 0  a  0     0      0      0
    49  131.356    8.377    7.295 1 U   4.0442E+00 0  a  0     0      0      0
    50  131.356    8.044    7.295 1 U   7.1648E+00 0  a  0     0      0      0
    51  131.396    7.671    7.228 1 U   5.7700E+00 0  a  0     0      0      0
    52  131.406    7.564    7.397 1 U   9.7672E+01 0  a  0     0      0      0
    53  131.457    7.503    7.186 1 U   1.1237E+01 0  a  0     0      0      0
    54  131.356    7.294    7.295 1 U   5.1724E+02 0  a  0     0      0      0
    55  131.448    6.447    7.146 1 U   7.6469E+00 0  a  0     0      0      0
    56  131.356    4.971    7.295 1 U   3.5854E+00 0  a  0     0      0      0
    57  131.356    4.515    7.295 1 U   7.8500E+00 0  a  0     0      0      0
    58  131.438    4.099    6.852 1 U   2.9880E+00 0  a  0     0      0      0
    59  131.356    3.844    7.295 1 U   7.6694E+00 0  a  0     0      0      0
    60  131.356    3.711    7.295 1 U   6.5912E+00 0  a  0     0      0      0
    61  131.364    3.275    7.396 1 U   2.3707E+00 0  a  0     0      0      0
    62  131.356    3.080    7.295 1 U   1.6992E+01 0  a  0     0      0      0
    63  131.369    3.092    7.222 1 U   6.1620E+00 0  a  0     0      0      0
    64  131.457    3.065    7.186 1 U   2.0226E+01 0  a  0     0      0      0
    65  131.360    1.970    7.398 1 U   4.2529E+00 0  a  0     0      0      0
    66  131.352    1.912    7.236 1 U   6.5147E+00 0  a  0     0      0      0
    67  131.356    1.671    7.295 1 U   4.7234E+00 0  a  0     0      0      0
    68  131.356    1.005    7.295 1 U   6.8030E+00 0  a  0     0      0      0
    69  131.396    1.003    7.234 1 U   8.7394E+00 0  a  0     0      0      0
    70  131.356    0.735    7.295 1 U   7.6985E+00 0  a  0     0      0      0
    71  131.369    0.727    7.244 1 U   9.2095E+00 0  a  0     0      0      0
    72  131.204    7.679    7.020 1 U   2.6712E+00 0  a  0     0      0      0
    73  131.204    7.147    7.020 1 U   4.8791E+01 0  a  0     0      0      0
    74  131.302    6.970    7.240 1 U   8.6938E+00 0  a  0     0      0      0
    75  131.204    6.445    7.020 1 U   6.0129E+00 0  a  0     0      0      0
    76  131.284    4.973    7.237 1 U   3.0359E+00 0  a  0     0      0      0
    77  131.204    4.251    7.020 1 U   5.0036E+00 0  a  0     0      0      0
    78  131.204    3.561    7.020 1 U   5.1311E+00 0  a  0     0      0      0
    79  131.204    3.410    7.020 1 U   2.8188E+00 0  a  0     0      0      0
    80  131.165    2.372    7.146 1 U   3.6105E+00 0  a  0     0      0      0
    81  131.204    2.056    7.020 1 U   5.6620E+00 0  a  0     0      0      0
    82  131.165    1.842    7.146 1 U   2.3656E+00 0  a  0     0      0      0
    83  131.204    1.837    7.020 1 U   3.9749E+00 0  a  0     0      0      0
    84  131.121    1.334    7.394 1 U   6.2186E+00 0  a  0     0      0      0
    85  131.165    0.850    7.146 1 U   1.3393E+01 0  a  0     0      0      0
    86  131.204    0.854    7.020 1 U   1.1931E+01 0  a  0     0      0      0
    87  131.165    0.454    7.146 1 U   5.4917E+00 0  a  0     0      0      0
    88  131.204    0.456    7.020 1 U   4.9937E+00 0  a  0     0      0      0
    89  131.121    7.403    7.394 1 U   2.9127E+02 0  a  0     0      0      0
    90  131.204    7.023    7.020 1 U   5.4710E+01 0  a  0     0      0      0
    91  131.204    3.044    7.020 1 U   5.4389E+00 0  a  0     0      0      0
    92  131.204    2.366    7.020 1 U   8.4794E+00 0  a  0     0      0      0
    93  131.204    1.466    7.020 1 U   3.5416E+00 0  a  0     0      0      0
    94  131.165    6.856    7.146 1 U   3.1502E+01 0  a  0     0      0      0
    95  130.636    7.610    7.343 1 U   3.7984E+01 0  a  0     0      0      0
    96  130.636    7.345    7.343 1 U   1.4328E+02 0  a  0     0      0      0
    97  130.505    7.158    7.144 1 U   1.7084E+02 0  a  0     0      0      0
    98  130.636    1.057    7.343 1 U   2.4325E+00 0  a  0     0      0      0
    99  130.505    7.583    7.144 1 U   5.6719E+00 0  a  0     0      0      0
   100  130.505    6.854    7.144 1 U   2.7192E+01 0  a  0     0      0      0
   101  130.505    2.141    7.144 1 U   5.4168E+00 0  a  0     0      0      0
   102  130.505    1.974    7.144 1 U   6.5431E+00 0  a  0     0      0      0
   103  130.505    1.109    7.144 1 U   3.5750E+00 0  a  0     0      0      0
   104  130.636    0.918    7.343 1 U   1.1513E+01 0  a  0     0      0      0
   105  130.636    0.459    7.343 1 U   1.1755E+01 0  a  0     0      0      0
   106  130.505    3.652    7.144 1 U   2.3358E+00 0  a  0     0      0      0
   107  130.505    7.609    7.144 1 U   5.4313E+00 0  a  0     0      0      0
   108  130.320    7.163    7.346 1 U   2.4496E+01 0  a  0     0      0      0
   109  129.988    7.155    6.434 1 U   9.1178E+00 0  a  0     0      0      0
   110  129.980    6.445    6.436 1 U   1.7424E+01 0  a  0     0      0      0
   111  129.941    7.197    7.200 1 U   8.6710E+01 0  a  0     0      0      0
   112  129.848    0.908    7.140 1 U   7.3893E+00 0  a  0     0      0      0
   113  129.817    7.564    7.214 1 U   2.3611E+00 0  a  0     0      0      0
   114  129.751    7.328    7.324 1 U   1.6939E+02 0  a  0     0      0      0
   115  129.723    0.779    7.148 1 U   4.0050E+00 0  a  0     0      0      0
   116  129.736    0.458    7.148 1 U   8.4716E+00 0  a  0     0      0      0
   117  129.751    7.555    7.324 1 U   9.8983E+00 0  a  0     0      0      0
   118  129.600    7.510    7.253 1 U   7.6959E+00 0  a  0     0      0      0
   119  129.593    7.263    7.255 1 U   5.1101E+02 0  a  0     0      0      0
   120  129.751    2.704    7.324 1 U   4.7736E+00 0  a  0     0      0      0
   121  129.751    1.328    7.324 1 U   3.6713E+00 0  a  0     0      0      0
   122  129.171    8.393    6.963 1 U   2.3255E+00 0  a  0     0      0      0
   123  129.171    7.292    6.963 1 U   1.8087E+01 0  a  0     0      0      0
   124  129.171    6.960    6.963 1 U   4.4350E+01 0  a  0     0      0      0
   125  129.171    1.920    6.963 1 U   3.7690E+00 0  a  0     0      0      0
   126  129.171    1.449    6.963 1 U   7.5848E+00 0  a  0     0      0      0
   127  129.171    0.852    6.963 1 U   5.5010E+00 0  a  0     0      0      0
   128  129.171    0.280    6.963 1 U   3.5814E+00 0  a  0     0      0      0
   129  127.475   10.469    7.407 1 U   2.4672E+01 0  a  0     0      0      0
   130  127.475    7.644    7.407 1 U   3.3423E+00 0  a  0     0      0      0
   131  127.475    7.212    7.408 1 U   1.9543E+00 0  a  0     0      0      0
   132  127.475    4.227    7.407 1 U   2.5961E+00 0  a  0     0      0      0
   133  127.475    2.825    7.407 1 U   5.0397E+00 0  a  0     0      0      0
   134  127.475    1.674    7.407 1 U   8.6171E+00 0  a  0     0      0      0
   135  127.475    1.564    7.407 1 U   7.9070E+00 0  a  0     0      0      0
   136  127.475    1.422    7.407 1 U   4.2371E+00 0  a  0     0      0      0
   137  127.475    0.998    7.407 1 U   1.6266E+01 0  a  0     0      0      0
   138  127.475    0.515    7.407 1 U   7.9827E+00 0  a  0     0      0      0
   139  127.475    3.390    7.407 1 U   3.0537E+00 0  a  0     0      0      0
   140  124.602   10.481    7.243 1 U   2.8536E+00 0  a  0     0      0      0
   141  124.578    7.491    7.243 1 U   3.9092E+01 0  a  0     0      0      0
   142  124.477    7.797    7.235 1 U   2.3794E+00 0  a  0     0      0      0
   143  124.562    7.251    7.242 1 U   1.1681E+02 0  a  0     0      0      0
   144  124.518    0.906    7.232 1 U   2.5655E+00 0  a  0     0      0      0
   145  121.978    7.665    7.138 1 U   2.0655E+01 0  a  0     0      0      0
   146  121.950    7.482    7.135 1 U   7.1276E+00 0  a  0     0      0      0
   147  121.952    0.906    7.136 1 U   6.5725E+00 0  a  0     0      0      0
   148  121.929    7.236    7.138 1 U   3.3178E+01 0  a  0     0      0      0
   149  121.934    7.150    7.139 1 U   8.8362E+01 0  a  0     0      0      0
   150  120.782    7.363    7.362 1 U   7.4635E+01 0  a  0     0      0      0
   151  120.782    3.157    7.362 1 U   4.9951E+00 0  a  0     0      0      0
   152  120.098    4.474    7.661 1 U   6.9483E+00 0  a  0     0      0      0
   153  120.113    2.837    7.660 1 U   4.3126E+00 0  a  0     0      0      0
   154  120.061    7.666    7.661 1 U   8.7471E+01 0  a  0     0      0      0
   155  120.025    7.148    7.662 1 U   1.7867E+01 0  a  0     0      0      0
   156  119.992    3.384    7.664 1 U   5.4344E+00 0  a  0     0      0      0
   157  120.057    0.901    7.660 1 U   1.6333E+01 0  a  0     0      0      0
   158  119.111    8.005    7.291 1 U   2.4735E+00 0  a  0     0      0      0
   159  119.111    7.566    7.291 1 U   7.7660E+00 0  a  0     0      0      0
   160  119.111    4.878    7.291 1 U   4.5293E+00 0  a  0     0      0      0
   161  119.111    4.222    7.291 1 U   3.6891E+00 0  a  0     0      0      0
   162  119.111    3.605    7.291 1 U   4.7928E+00 0  a  0     0      0      0
   163  119.111    0.803    7.291 1 U   1.5463E+01 0  a  0     0      0      0
   164  119.111    3.145    7.291 1 U   4.5273E+00 0  a  0     0      0      0
   165  119.111    7.306    7.291 1 U   3.3504E+02 0  a  0     0      0      0
   166  118.026    4.282    6.771 1 U   3.7054E+00 0  a  0     0      0      0
   167  118.026    2.645    6.771 1 U   2.5823E+00 0  a  0     0      0      0
   168  118.026    7.107    6.771 1 U   1.7749E+02 0  a  0     0      0      0
   169  118.026    6.767    6.771 1 U   6.8532E+02 0  a  0     0      0      0
   170  118.026    4.582    6.771 1 U   3.4187E+00 0  a  0     0      0      0
   171  118.026    3.867    6.771 1 U   8.6530E+00 0  a  0     0      0      0
   172  118.026    3.183    6.771 1 U   1.8887E+00 0  a  0     0      0      0
   173  118.026    3.033    6.771 1 U   5.8601E+00 0  a  0     0      0      0
   174  118.026    2.943    6.771 1 U   8.1943E+00 0  a  0     0      0      0
   175  118.026    2.225    6.771 1 U   2.4732E+00 0  a  0     0      0      0
   176  118.026    2.013    6.771 1 U   3.7045E+00 0  a  0     0      0      0
   177  118.026    1.658    6.771 1 U   4.1645E+00 0  a  0     0      0      0
   178  118.026    1.406    6.771 1 U   7.0335E+00 0  a  0     0      0      0
   179  118.026    0.858    6.771 1 U   9.8846E+00 0  a  0     0      0      0
   180  118.026    1.860    6.771 1 U   2.7750E+00 0  a  0     0      0      0
   181  114.569   10.468    7.489 1 U   1.7911E+01 0  a  0     0      0      0
   182  114.572    2.683    7.494 1 U   3.1679E+00 0  a  0     0      0      0
   183  114.601    1.008    7.489 1 U   3.5503E+00 0  a  0     0      0      0
   184  114.564    7.495    7.489 1 U   1.4547E+02 0  a  0     0      0      0
   185  114.534    7.252    7.489 1 U   5.5334E+01 0  a  0     0      0      0
   186  131.662    9.137    6.853 1 U   1.9458E+00 0  a  0     0      0      0
   187  131.662    8.615    6.853 1 U   1.3096E+00 0  a  0     0      0      0
   188  131.662    8.478    6.853 1 U   1.8202E+00 0  a  0     0      0      0
   189  131.662    8.328    6.853 1 U   1.6319E+00 0  a  0     0      0      0
   190  131.662    4.092    6.853 1 U   2.8549E+00 0  a  0     0      0      0
   191  131.662    1.418    6.853 1 U   1.5586E+00 0  a  0     0      0      0
   192  131.662    1.245    6.853 1 U   1.3473E+00 0  a  0     0      0      0
   193  130.505    4.091    7.144 1 U   1.5139E+00 0  a  0     0      0      0
   194  130.505    3.749    7.144 1 U   1.2336E+00 0  a  0     0      0      0
   195  130.505    2.485    7.144 1 U   2.4436E+00 0  a  0     0      0      0
   196  130.505    1.676    7.144 1 U   2.9297E+00 0  a  0     0      0      0
   197  130.505    1.584    7.144 1 U   1.9795E+00 0  a  0     0      0      0
   198  130.505    1.411    7.144 1 U   2.6330E+00 0  a  0     0      0      0
   199  130.505    1.215    7.144 1 U   1.6991E+00 0  a  0     0      0      0
   200  130.505    0.861    7.144 1 U   9.5867E+00 0  a  0     0      0      0
   201  130.505    0.544    7.144 1 U   1.9485E+00 0  a  0     0      0      0
   202  130.505    0.450    7.144 1 U   2.5906E+00 0  a  0     0      0      0
   203  130.505    0.338    7.144 1 U   4.4157E+00 0  a  0     0      0      0
   204  131.165    8.764    7.146 1 U   1.3326E+00 0  a  0     0      0      0
   205  131.165    7.574    7.146 1 U   4.8529E+00 0  a  0     0      0      0
   206  131.165    7.158    7.146 1 U   1.6178E+02 0  a  0     0      0      0
   207  131.165    6.443    7.146 1 U   6.2776E+00 0  a  0     0      0      0
   208  131.165    4.247    7.146 1 U   2.9626E+00 0  a  0     0      0      0
   209  131.165    4.102    7.146 1 U   1.3805E+00 0  a  0     0      0      0
   210  131.165    3.573    7.146 1 U   1.7122E+00 0  a  0     0      0      0
   211  131.165    3.406    7.146 1 U   2.0695E+00 0  a  0     0      0      0
   212  131.165    3.046    7.146 1 U   4.2901E+00 0  a  0     0      0      0
   213  131.165    2.912    7.146 1 U   1.4784E+00 0  a  0     0      0      0
   214  131.165    2.678    7.146 1 U   1.8591E+00 0  a  0     0      0      0
   215  131.165    2.485    7.146 1 U   2.0961E+00 0  a  0     0      0      0
   216  131.165    2.015    7.146 1 U   4.8675E+00 0  a  0     0      0      0
   217  131.165    1.665    7.146 1 U   2.1401E+00 0  a  0     0      0      0
   218  131.165    1.426    7.146 1 U   3.4005E+00 0  a  0     0      0      0
   219  131.165    1.205    7.146 1 U   1.2777E+00 0  a  0     0      0      0
   220  131.165    1.107    7.146 1 U   1.4513E+00 0  a  0     0      0      0
   221  131.165    0.351    7.146 1 U   2.7055E+00 0  a  0     0      0      0
   222  131.777    7.608    7.609 1 U   1.2717E+02 0  a  0     0      0      0
   223  131.777    7.358    7.609 1 U   3.6753E+01 0  a  0     0      0      0
   224  131.777    4.266    7.609 1 U   4.7942E+00 0  a  0     0      0      0
   225  131.777    2.976    7.609 1 U   1.5793E+00 0  a  0     0      0      0
   226  131.777    1.571    7.609 1 U   2.8308E+00 0  a  0     0      0      0
   227  131.777    1.403    7.609 1 U   1.8747E+00 0  a  0     0      0      0
   228  131.777    1.067    7.609 1 U   2.3387E+00 0  a  0     0      0      0
   229  131.777    0.923    7.609 1 U   6.1634E+00 0  a  0     0      0      0
   230  131.777    0.556    7.609 1 U   3.0800E+00 0  a  0     0      0      0
   231  131.777    0.474    7.609 1 U   2.1289E+00 0  a  0     0      0      0
   232  131.777    0.244    7.609 1 U   1.8941E+00 0  a  0     0      0      0
   233  131.799    8.877    7.570 1 U   1.4404E+00 0  a  0     0      0      0
   234  131.799    7.402    7.570 1 U   7.6681E+01 0  a  0     0      0      0
   235  131.799    4.069    7.570 1 U   2.3580E+00 0  a  0     0      0      0
   236  131.799    3.904    7.570 1 U   2.3583E+00 0  a  0     0      0      0
   237  131.799    3.718    7.570 1 U   2.0324E+00 0  a  0     0      0      0
   238  131.799    3.525    7.570 1 U   1.7126E+00 0  a  0     0      0      0
   239  131.799    3.159    7.570 1 U   4.8101E+00 0  a  0     0      0      0
   240  131.799    2.971    7.570 1 U   2.4041E+00 0  a  0     0      0      0
   241  131.799    2.692    7.570 1 U   5.2725E+00 0  a  0     0      0      0
   242  131.799    1.611    7.570 1 U   6.5256E+00 0  a  0     0      0      0
   243  131.799    0.939    7.570 1 U   2.3040E+00 0  a  0     0      0      0
   244  131.799    0.822    7.570 1 U   3.8205E+00 0  a  0     0      0      0
   245  131.799    0.347    7.570 1 U   2.4718E+00 0  a  0     0      0      0
   246  131.121    7.865    7.394 1 U   4.9716E+00 0  a  0     0      0      0
   247  131.121    7.182    7.394 1 U   1.0461E+00 0  a  0     0      0      0
   248  131.121    4.573    7.394 1 U   1.7491E+00 0  a  0     0      0      0
   249  131.121    4.319    7.394 1 U   2.3360E+00 0  a  0     0      0      0
   250  131.121    1.460    7.395 1 U   2.5662E+00 0  a  0     0      0      0
   251  131.121    3.299    7.394 1 U   1.6956E+00 0  a  0     0      0      0
   252  131.121    2.830    7.394 1 U   2.4173E+00 0  a  0     0      0      0
   253  131.121    2.702    7.394 1 U   3.3722E+00 0  a  0     0      0      0
   254  131.121    1.974    7.394 1 U   3.4158E+00 0  a  0     0      0      0
   255  131.121    1.612    7.394 1 U   2.2533E+00 0  a  0     0      0      0
   256  131.121    0.817    7.394 1 U   2.2887E+00 0  a  0     0      0      0
   257  131.121    0.350    7.394 1 U   2.4574E+00 0  a  0     0      0      0
   258  131.356    8.979    7.295 1 U   2.9044E+00 0  a  0     0      0      0
   259  131.356    8.620    7.295 1 U   1.6083E+00 0  a  0     0      0      0
   260  131.356    7.646    7.295 1 U   1.0114E+01 0  a  0     0      0      0
   261  131.356    6.947    7.295 1 U   5.2517E+00 0  a  0     0      0      0
   262  131.356    4.277    7.295 1 U   5.2657E+00 0  a  0     0      0      0
   263  131.356    2.788    7.295 1 U   2.2236E+00 0  a  0     0      0      0
   264  131.356    2.701    7.295 1 U   1.7936E+00 0  a  0     0      0      0
   265  131.356    1.910    7.295 1 U   7.3347E+00 0  a  0     0      0      0
   266  131.356    1.565    7.295 1 U   6.2146E+00 0  a  0     0      0      0
   267  131.356    1.455    7.295 1 U   8.4157E+00 0  a  0     0      0      0
   268  131.356    1.313    7.295 1 U   3.1339E+00 0  a  0     0      0      0
   269  131.356    0.843    7.295 1 U   8.8325E+00 0  a  0     0      0      0
   270  129.171    2.983    6.963 1 U   1.3781E+00 0  a  0     0      0      0
   271  129.171    2.692    6.963 1 U   1.0498E+00 0  a  0     0      0      0
   272  129.171    1.563    6.963 1 U   1.6299E+00 0  a  0     0      0      0
   273  129.171    0.513    6.963 1 U   1.1912E+00 0  a  0     0      0      0
   274  130.636    8.170    7.343 1 U   1.5817E+00 0  a  0     0      0      0
   275  130.636    8.028    7.343 1 U   1.0995E+00 0  a  0     0      0      0
   276  130.636    7.173    7.343 1 U   2.0931E+01 0  a  0     0      0      0
   277  130.636    3.135    7.343 1 U   1.8110E+00 0  a  0     0      0      0
   278  130.636    0.569    7.343 1 U   5.5081E+00 0  a  0     0      0      0
   279  130.636    0.773    7.343 1 U   4.9330E+00 0  a  0     0      0      0
   280  130.636    1.562    7.343 1 U   1.2578E+00 0  a  0     0      0      0
   281  130.636    1.432    7.343 1 U   1.4762E+00 0  a  0     0      0      0
   282  130.636    0.255    7.343 1 U   1.6833E+00 0  a  0     0      0      0
   283  131.204    8.752    7.020 1 U   2.1221E+00 0  a  0     0      0      0
   284  131.204    7.340    7.020 1 U   2.1804E+00 0  a  0     0      0      0
   285  131.204    0.773    7.020 1 U   6.1096E+00 0  a  0     0      0      0
   286  131.204    2.187    7.020 1 U   1.5160E+00 0  a  0     0      0      0
   287  131.204    1.915    7.020 1 U   3.4795E+00 0  a  0     0      0      0
   288  131.204    1.198    7.020 1 U   1.3682E+00 0  a  0     0      0      0
   289  131.457    8.344    7.186 1 U   4.0226E+00 0  a  0     0      0      0
   290  131.457    8.038    7.186 1 U   8.9554E+00 0  a  0     0      0      0
   291  131.457    7.943    7.186 1 U   4.4993E+00 0  a  0     0      0      0
   292  131.457    4.284    7.186 1 U   5.2692E+00 0  a  0     0      0      0
   293  131.457    4.078    7.186 1 U   1.4274E+00 0  a  0     0      0      0
   294  131.457    3.846    7.186 1 U   1.9791E+00 0  a  0     0      0      0
   295  131.457    1.834    7.186 1 U   4.8700E+00 0  a  0     0      0      0
   296  131.457    1.565    7.186 1 U   2.3464E+00 0  a  0     0      0      0
   297  131.457    1.459    7.186 1 U   2.8150E+00 0  a  0     0      0      0
   298  131.457    0.847    7.186 1 U   5.3955E+00 0  a  0     0      0      0
   299  133.123    3.942    7.104 1 U   2.6387E+00 0  a  0     0      0      0
   300  133.123    2.658    7.105 1 U   2.0662E+00 0  a  0     0      0      0
   301  133.123    2.018    7.105 1 U   4.0166E+00 0  a  0     0      0      0
   302  133.123    1.879    7.105 1 U   3.2586E+00 0  a  0     0      0      0
   303  133.123    1.212    7.105 1 U   1.8868E+00 0  a  0     0      0      0
   304  118.026    8.501    6.771 1 U   2.5097E+00 0  a  0     0      0      0
   305  118.026    8.191    6.771 1 U   3.5799E+00 0  a  0     0      0      0
   306  118.026    7.707    6.771 1 U   3.9487E+00 0  a  0     0      0      0
   307  118.026    7.562    6.771 1 U   5.6121E+00 0  a  0     0      0      0
   308  118.026    3.123    6.771 1 U   2.4425E+00 0  a  0     0      0      0
   309  118.026    1.531    6.771 1 U   2.8091E+00 0  a  0     0      0      0
   310  118.006    0.775    6.773 1 U   7.3286E+00 0  a  0     0      0      0
   311  129.751    0.363    7.324 1 U   1.4327E+00 0  a  0     0      0      0
   312  119.111    7.702    7.291 1 U   2.6908E+00 0  a  0     0      0      0
   313  119.111    4.131    7.291 1 U   2.6636E+00 0  a  0     0      0      0
   314  119.111    3.953    7.291 1 U   2.1115E+00 0  a  0     0      0      0
   315  119.111    1.670    7.291 1 U   2.2049E+00 0  a  0     0      0      0
   316  136.005    4.251    8.596 1 U   2.0577E+00 0  a  0     0      0      0
   317  136.005    3.496    8.596 1 U   2.0788E+00 0  a  0     0      0      0
   318  136.005    2.644    8.596 1 U   1.7334E+00 0  a  0     0      0      0
   319  136.005    1.678    8.596 1 U   1.7172E+00 0  a  0     0      0      0
   320  136.005    0.946    8.596 1 U   1.8062E+00 0  a  0     0      0      0
   321  136.914    4.313    8.627 1 U   1.1901E+00 0  a  0     0      0      0
   322  136.914    4.128    8.627 1 U   9.6030E-01 0  a  0     0      0      0
   323  136.914    3.148    8.627 1 U   1.3407E+00 0  a  0     0      0      0
   324  136.914    2.642    8.627 1 U   1.0790E+00 0  a  0     0      0      0
   325  136.914    1.175    8.627 1 U   1.8391E+00 0  a  0     0      0      0
   326  136.914    0.871    8.627 1 U   1.1214E+00 0  a  0     0      0      0
   327  127.475    8.524    7.407 1 U   9.6650E-01 0  a  0     0      0      0
   328  127.475    4.472    7.407 1 U   1.9204E+00 0  a  0     0      0      0
   329  127.475    4.112    7.407 1 U   2.1037E+00 0  a  0     0      0      0
   330  127.475    0.770    7.407 1 U   5.4396E+00 0  a  0     0      0      0
   331  127.475    0.650    7.407 1 U   2.3998E+00 0  a  0     0      0      0
   332  127.510    7.402    7.405 1 U   1.0295E+02 0  a  0     0      0      0
   333  127.510    0.862    7.407 1 U   4.0715E+00 0  a  0     0      0      0
   334  120.782    9.377    7.362 1 U   1.0494E+00 0  a  0     0      0      0
   335  120.782    7.768    7.362 1 U   1.2334E+00 0  a  0     0      0      0
   336  120.782    2.626    7.362 1 U   9.9720E-01 0  a  0     0      0      0
   337  120.782    1.389    7.362 1 U   1.0482E+00 0  a  0     0      0      0
   338  120.782    0.902    7.362 1 U   2.1081E+00 0  a  0     0      0      0
   339  114.630    1.403    7.489 1 U   3.5134E+00 0  a  0     0      0      0
   340  130.011    0.462    6.449 1 U   1.6081E+00 0  a  0     0      0      0
   341  130.355    7.595    7.185 1 U   1.6771E+00 0  a  0     0      0      0
   342  130.355    7.175    7.185 1 U   8.2960E+01 0  a  0     0      0      0
   343  130.355    6.853    7.185 1 U   6.4627E+00 0  a  0     0      0      0
   344  130.355    3.085    7.185 1 U   1.5685E+00 0  a  0     0      0      0
   345  130.355    2.156    7.185 1 U   7.9270E-01 0  a  0     0      0      0
   346  130.355    1.969    7.185 1 U   8.6880E-01 0  a  0     0      0      0
   347  130.355    1.683    7.185 1 U   1.7021E+00 0  a  0     0      0      0
   348  130.355    0.945    7.185 1 U   1.1794E+00 0  a  0     0      0      0
   349  130.355    0.857    7.185 1 U   2.8752E+00 0  a  0     0      0      0
   350  130.355    0.542    7.185 1 U   1.0925E+00 0  a  0     0      0      0
   351  130.355    0.470    7.185 1 U   7.7300E-01 0  a  0     0      0      0
   352  130.355    0.348    7.185 1 U   1.7825E+00 0  a  0     0      0      0
