       w1         w2         w3   Data Height 

     3.698     12.523      0.713       402869 
     1.096     12.707      0.713      2368030 
     3.572     12.712      0.713       454151 
     1.430     12.713      0.713      1198760 
     1.692     12.715      0.714      1545040 
     3.934     12.718      0.713       421161 
     8.319     12.721      0.713       391772 
     1.893     12.722      0.714       399438 
     0.713     12.728      0.716     26502700 
     0.933     12.729      0.716      3163150 
     2.071     12.735      0.717       843884 
     3.805     12.796      0.754       394633 
     8.244     12.922      0.753       240672 
     4.047     12.923      0.753       479494 
     3.697     12.930      0.753       820556 
     1.687     12.932      0.749      1444850 
     2.352     12.936      0.750       235735 
     0.928     12.937      0.752      4111040 
     0.751     12.938      0.752     35181300 
     2.079     12.941      0.752      1283720 
     1.260     12.947      0.754      1655060 
     2.937     13.183      0.866       279258 
     0.864     13.186      0.864     35210800 
     3.642     13.191      0.865       421847 
     1.627     13.192      0.863       485814 
     1.184     13.204      0.866      1370470 
     7.826     13.210      0.863       267622 
     3.984     13.210      0.864       611284 
     1.782     13.213      0.865      1407820 
     1.958     13.214      0.864      1099770 
     1.400     13.217      0.865       633645 
     7.073     13.595      0.639       156474 
     8.099     13.653      0.639       226638 
     0.639     13.654      0.640     27127000 
     1.219     13.661      0.640      1275960 
     3.993     13.663      0.639       512765 
     2.004     13.664      0.639       663136 
     0.962     13.665      0.640      1800800 
     1.647     13.668      0.640      1195590 
     3.889     13.674      0.640       637644 
     1.422     13.681      0.640       390824 
     2.123     13.685      0.641       411357 
     3.365     13.693      0.640       234768 
     2.390     13.716      0.640       244750 
     7.443     14.357      0.973       285092 
     3.439     14.374      0.974       308699 
     0.746     14.376      0.974       760358 
     1.930     14.385      0.973       945742 
     1.647     14.385      0.973       792706 
     3.792     14.387      0.973       801488 
     2.058     14.390      0.973      1343080 
     0.968     14.394      0.973     16331400 
     4.047     14.407      0.973       362546 
     1.401     14.412      0.972       416143 
     1.865     16.376      1.586      1385360 
     3.945     16.380      1.585       905012 
     7.874     16.380      1.585       213166 
     2.984     16.381      1.584       487964 
     2.283     16.381      1.585       623178 
     7.247     16.383      1.584       285179 
     1.584     16.384      1.584     41742800 
     3.280     16.385      1.583       224301 
     1.157     16.387      1.581       325230 
     6.623     16.390      1.586       438322 
     0.900     16.391      1.583       399115 
     2.451     16.398      1.584       514090 
     2.093     16.399      1.585      1486790 
     4.797     16.425      1.586       243976 
     8.226     16.453      1.586       219006 
     1.430     17.148      1.431     14927800 
     2.053     17.201      1.430       372325 
     8.656     17.211      1.429       359115 
     9.039     17.219      1.431       847975 
     3.878     17.235      1.431      1208640 
     0.946     17.239      1.430      2472570 
     3.688     17.240      1.431       738088 
     0.718     17.240      1.431      1446260 
     4.593     17.259      0.965       242471 
     7.825     17.260      0.965       257879 
     3.644     17.266      0.966       993715 
     1.897     17.295      1.430       357066 
     1.091     17.316      1.431       431647 
     1.767     17.334      0.964       813925 
     1.984     17.449      0.965      2125190 
     1.209     17.510      0.966      1347040 
     7.830     17.562      0.899       158085 
     2.962     17.613      0.890       236196 
     3.439     17.640      0.890       736920 
     0.494     17.641      0.888       294231 
     4.328     17.644      0.890       314116 
     8.947     17.647      0.888       219536 
     7.443     17.651      0.886       206230 
     1.916     17.660      0.892      1812830 
     4.053     17.673      0.899       558333 
     1.263     17.691      0.900      1105330 
     3.389     17.708      0.965       250992 
     8.344     17.711      0.964       385470 
     7.976     17.716      0.901       222189 
     1.429     17.729      0.963      1349690 
     1.667     17.730      0.961       844307 
     4.500     17.742      1.525       720407 
     4.157     17.742      1.525      3160010 
     3.693     17.767      0.904      1397980 
     9.039     17.769      0.964       145074 
     7.648     17.772      1.528      1405250 
     2.345     17.773      0.961       472728 
     3.889     17.780      0.964      1069160 
     0.649     17.796      0.964      1440090 
     1.158     17.798      0.901       976190 
     1.680     17.802      0.902      1547630 
     8.098     17.829      0.963       236374 
     0.698     17.847      0.962      1389930 
     4.077     17.957      1.543      2202350 
     4.391     17.957      1.543       380055 
     7.963     17.957      1.543      1221110 
     2.082     17.959      1.536       862595 
     0.901     17.960      1.544       891762 
     2.077     18.003      0.906      2676020 
     1.435     18.019      0.910      1088520 
     3.926     18.027      0.909       385095 
     2.335     18.035      0.910       280846 
     0.727     18.038      0.911      2501690 
     3.194     18.081      0.909       253381 
     3.004     18.086      1.543       193552 
     8.309     18.145      0.913       522464 
     2.077     18.163      1.493       604780 
     3.580     18.174      0.913       706780 
     8.655     18.206      0.913       244824 
     1.068     18.243      0.915       769266 
     7.909     18.246      1.493      2246900 
     4.177     18.258      1.485      2936780 
     0.913     18.276      0.912     28742200 
     4.104     18.276      0.912       265924 
     2.336     18.315      1.520       398598 
     3.270     18.371      1.516       205539 
     3.610     18.372      1.519       153120 
     7.917     18.512      1.523      1737300 
     4.500     18.512      1.517      1270630 
     4.152     18.512      1.517      3369150 
     1.512     18.512      1.517     48441300 
     4.317     19.181      1.433      1760900 
     8.351     19.578      1.580       184770 
     4.791     19.603      1.580       240998 
     4.474     19.610      1.578       456957 
     3.816     19.610      1.578       557883 
     7.871     19.613      1.579       328325 
     3.991     19.616      1.578      1026850 
     2.335     19.619      1.577       841475 
     1.156     19.764      1.575       192118 
     0.944     19.764      1.579       191594 
     1.576     19.764      1.578      8525680 
     1.843     19.764      1.579       882304 
     2.123     19.764      1.579       427477 
     5.177     19.764      1.578       206483 
     7.722     19.764      1.579       586602 
     3.437     21.343      1.162       229442 
     8.361     21.352      1.162       423932 
     7.882     21.363      1.160       176963 
     4.089     21.371      1.163       701922 
     2.075     21.373      1.163       510251 
     7.248     21.378      1.163       512148 
     3.015     21.378      1.164       487802 
     1.869     21.380      1.163       750820 
     0.929     21.381      1.163      1221950 
     7.611     21.381      1.161       234045 
     4.422     21.390      1.163       956308 
     3.258     21.392      1.163       325397 
     4.823     21.392      1.163       680010 
     3.911     21.398      1.162       460320 
     1.586     21.421      1.162       450404 
     1.162     21.444      1.163     15150800 
     3.609     21.629      1.167        81692 
     0.192     21.885      1.294        71161 
     8.177     21.892      1.300       131889 
     6.792     21.908      1.301       170205 
     3.067     21.914      1.298       249014 
     7.050     21.917      1.297       159377 
     3.890     21.922      1.300       238431 
     4.180     21.928      1.299       877204 
     1.297     21.929      1.299     31147600 
     7.970     21.935      1.299       455356 
     4.327     21.936      1.299      1151510 
     2.060     21.969      1.297       417190 
     0.888     21.978      1.296       291229 
     4.607     22.054      1.299        90411 
     0.933     23.337      0.935     31639000 
     1.270     23.346      0.936       909613 
     2.347     23.350      0.934      1056920 
     4.043     23.351      0.935      2135470 
     8.321     23.396      0.936       485580 
     0.723     23.440      0.938      2668720 
     3.556     23.490      0.936       292890 
     1.058     23.550      1.067     17261900 
     8.545     23.550      1.065       208831 
     3.703     23.550      1.067       235203 
     3.505     23.550      1.065       592453 
     1.676     23.550      1.065      1138180 
     0.913     23.550      1.063      2390820 
     2.159     23.550      1.063       984428 
     2.079     23.553      0.936       936467 
     7.066     23.558      1.065       228200 
     8.348     23.563      1.064       222940 
     3.865     23.571      0.942       781962 
     3.001     23.585      1.064       359177 
     4.251     23.586      1.064       204658 
     3.944     23.627      1.065       541812 
     8.211     23.636      1.066       207064 
     3.685     23.663      0.934       330346 
     1.855     23.715      1.064       501587 
     8.255     23.805      0.949       331798 
     0.952     23.805      0.951     32004500 
     1.421     23.809      0.950      1049390 
     7.063     23.813      0.951        94888 
     7.076     23.822      0.832       104891 
     3.997     23.845      0.832       371104 
     8.053     23.847      0.832       303189 
     2.859     23.853      0.831       272047 
     4.178     23.856      0.832      1344270 
     1.896     23.859      0.831       764827 
     4.216     23.863      0.951       237336 
     2.413     23.871      0.832       209399 
     0.832     23.876      0.833     42209100 
     1.355     23.877      0.832      1335660 
     1.568     23.878      0.832      1697250 
     8.207     23.886      0.834       132296 
     2.105     23.891      0.832       895652 
     1.892     23.903      0.949       829971 
     1.680     24.221      1.075      1039640 
     1.886     24.370      1.080       500092 
     2.153     24.371      1.081      1122320 
     1.079     24.392      1.082     20917400 
     3.697     24.425      1.082       259817 
     3.498     24.432      1.083       774055 
     0.918     24.457      0.913     58693800 
     3.192     24.457      0.913       438043 
     0.940     24.486      1.082      3059700 
     8.550     24.556      1.085       560497 
     0.713     24.575      1.084      1246020 
     8.343     24.598      0.914       318797 
     1.433     24.626      1.085       420560 
     3.935     24.648      1.084       319533 
     0.952     24.810      0.953     39483800 
     4.042     24.830      0.958      1326220 
     4.227     24.844      1.563       358180 
     2.062     24.862      0.957      1072800 
     2.390     24.863      0.957       420534 
     1.991     24.871      1.564       603529 
     4.190     24.884      1.379       304744 
     1.726     24.889      1.564      1720770 
     7.691     24.894      1.568       352484 
     1.564     24.900      1.565      6432360 
     2.989     24.909      1.565       397760 
     0.725     24.925      1.562       175946 
     3.437     24.951      0.959       323503 
     3.184     24.955      0.899       577469 
     3.928     24.960      0.897      2061180 
     4.446     24.962      0.959       285366 
     7.944     24.969      0.887       383614 
     0.202     24.971      0.888       175716 
     7.063     24.971      0.886       281426 
     3.480     24.978      0.893       275618 
     8.154     24.978      0.887       287438 
     4.802     24.981      0.896       223793 
     3.011     24.983      0.892       991345 
     4.076     24.986      0.896       859655 
     2.280     24.990      1.445       146860 
     4.347     25.006      0.890       426826 
    -0.204     25.011      0.887       197873 
     0.370     25.014      0.890       402362 
     2.284     25.019      1.395       186475 
     1.309     25.023      0.890      1106890 
     1.666     25.028      0.957      1672470 
     0.740     25.028      0.959      1316230 
     0.884     25.036      0.887     94727700 
     1.584     25.036      0.893      4201890 
     1.410     25.098      1.400     12585200 
     2.448     25.116      1.398       192678 
     2.451     25.126      1.438       161326 
     2.941     25.129      1.615       305585 
     0.963     25.131      1.629       601346 
     3.953     25.140      1.403       395256 
     2.116     25.141      1.399       538688 
     0.868     25.150      1.397       535912 
     1.908     25.160      1.445       461924 
     1.435     25.160      1.442      7409730 
     1.625     25.163      1.620      4660050 
     2.125     25.163      1.441       468586 
     2.963     25.170      1.400       546026 
     1.636     25.175      1.401      3036840 
     2.990     25.182      1.441       416338 
     1.911     25.183      1.402      1013310 
     3.803     25.183      1.622       237126 
     3.810     25.202      1.402       317573 
     1.399     25.212      1.621      1523290 
     1.878     25.220      1.621       507556 
     1.661     25.303      0.902      3390390 
     0.898     25.303      0.900     90818800 
     4.046     25.443      2.349       130879 
     2.084     25.456      2.350       189282 
     2.345     25.479      2.348       801807 
     8.307     25.480      2.349       226754 
     3.571     25.483      2.347       194705 
     0.940     25.491      2.348       516237 
     7.075     25.515      0.728       141293 
     0.726     25.545      2.347       890328 
     1.258     25.550      2.348       178764 
     8.044     25.560      0.729       238125 
     0.202     25.602      0.723       243370 
     1.574     25.603      0.728      1273360 
     4.173     25.616      0.727       511012 
     1.895     25.623      0.727       936657 
     4.017     25.624      0.727       759050 
     1.671     25.630      0.726      1014260 
     3.878     25.635      0.727       599529 
     0.726     25.636      0.727     41158900 
     2.094     25.637      0.727      1527130 
     1.127     25.651      0.726       678900 
     0.942     25.653      0.726      3634090 
     0.318     25.659      0.722       286336 
     8.303     25.659      0.727       301307 
     2.349     25.662      0.726      1169850 
     1.269     25.667      0.726      1361530 
     3.568     25.679      0.725       606851 
     3.662     25.704      0.726       333469 
     1.064     25.973      2.752        62974 
     6.777     26.045      2.062        73187 
     3.869     26.074      2.743       131024 
     2.061     26.124      2.740       325271 
     2.742     26.129      2.062       325531 
     2.738     26.135      2.739       376707 
     8.151     26.153      2.061        80896 
     3.507     26.161      2.057        75866 
     1.535     26.161      2.025        79846 
     3.861     26.171      2.056       171584 
     8.043     26.171      2.056       107905 
     8.043     26.171      2.735       115814 
     3.511     26.178      2.742        91513 
     2.067     26.180      2.057       750843 
     6.800     26.190      2.739        46025 
     1.073     26.343      2.072        61789 
     3.816     26.750      1.972       248124 
     3.819     26.782      2.027       232030 
     4.322     26.813      1.970       306473 
     8.948     26.840      1.969       318506 
     4.320     26.846      2.023       300559 
     8.346     26.852      1.704       178169 
     8.945     26.858      2.025       339987 
     1.852     26.873      1.967       496677 
     3.293     26.890      2.026       198006 
     3.294     26.890      1.970       199118 
     3.584     26.901      2.022       329019 
     1.379     26.904      0.946       519774 
     3.589     26.918      1.974       350175 
     1.702     26.932      2.032       165100 
     1.994     26.940      1.973      2940780 
     1.702     26.951      2.032       165100 
     1.896     26.960      0.947       737430 
     2.001     26.966      2.021      3164420 
     3.947     26.971      1.703       259794 
     1.856     26.990      2.026       470864 
     0.944     26.996      0.944     33216300 
     3.907     27.012      0.945       352426 
     0.720     27.034      0.948       705210 
     4.029     27.066      0.945       593627 
     1.657     27.067      0.946      1576270 
     4.452     27.090      0.943       339077 
     2.392     27.112      0.942       262079 
     3.448     27.114      0.943       444501 
     4.421     27.133      1.707       291314 
     1.691     27.137      1.956       980711 
     0.923     27.162      1.702      1396560 
     2.044     27.165      0.942      1035010 
     3.210     27.166      1.684       736985 
     3.210     27.166      1.713      1023350 
     4.425     27.166      1.680       250946 
     1.693     27.250      1.706     29492300 
     1.341     27.306      1.568       369618 
     0.731     27.308      1.568       600603 
     4.179     27.309      1.722       467115 
     1.575     27.323      1.573      8059430 
     8.058     27.337      1.570       387395 
     4.176     27.341      1.576       327075 
     0.883     27.390      1.588      1690260 
     7.076     27.401      1.576       123990 
     1.070     27.404      1.587       213505 
     1.080     27.443      1.680       424020 
     0.740     27.477      1.641       303223 
     0.938     27.489      1.638      2085850 
     8.001     27.492      1.625       205079 
     1.502     27.517      1.500      2260400 
     3.694     27.520      1.654       245809 
     3.690     27.529      1.500       189388 
     1.833     27.535      1.707      3256150 
     3.197     27.547      1.501       452160 
     2.082     27.554      1.499       297887 
     1.626     27.585      1.625     20401300 
     0.911     27.588      1.502       488502 
     1.895     27.609      1.501       300736 
     4.180     27.621      1.626       497175 
     2.372     27.625      1.625       191248 
     3.273     27.634      1.704       920511 
     0.886     27.638      1.832       170182 
     3.206     27.664      1.625      1897290 
     1.652     27.678      1.497      1307560 
     1.855     27.704      1.620      3706080 
     8.278     27.753      1.834       288482 
     8.273     27.756      1.623       206041 
     3.985     27.767      1.833       450314 
     4.307     27.778      1.698       257109 
     1.667     27.805      1.831      2375530 
     1.837     27.813      1.837     11965000 
     3.288     27.816      1.837       834820 
     1.967     27.817      1.838      1635260 
     1.703     27.833      1.709     17560200 
     8.945     27.833      1.838       158623 
     0.911     27.833      1.707       628142 
     4.317     27.847      1.839       247613 
     1.572     28.088      2.327       435208 
     4.802     28.089      1.634       159416 
     7.443     28.095      2.061       223330 
     3.445     28.100      0.939       231102 
     0.945     28.100      0.946      9535090 
     7.443     28.109      0.931       158490 
     1.844     28.113      2.326       509751 
     0.943     28.135      2.060      1154070 
     5.178     28.136      2.139       271760 
     3.585     28.142      2.140       440456 
     5.178     28.154      2.327       348221 
     1.845     28.154      2.139       537224 
     2.065     28.155      2.053      1383830 
     3.587     28.163      2.325       289593 
     2.328     28.167      2.326      2589590 
     3.817     28.167      2.328       349533 
     4.492     28.172      2.139       295061 
     3.814     28.175      2.140       415297 
     2.137     28.175      2.326      1341380 
     2.139     28.195      2.142      4391410 
     3.436     28.195      2.059       139349 
     4.493     28.199      2.325       254068 
     2.329     28.214      2.139      2229390 
     1.573     28.223      2.139       381901 
     8.110     28.429      1.641       221018 
     3.939     28.488      1.637       665350 
     1.967     28.576      1.639      2156070 
     1.624     28.659      1.476      1776100 
     1.475     28.682      1.476      3240660 
     7.898     28.684      1.963       208751 
     1.970     28.684      1.959      3108810 
     8.216     28.684      1.963       305182 
     2.071     28.713      1.472       213283 
     1.474     28.721      1.625      1772610 
     2.857     28.722      1.625       625941 
     4.186     28.725      1.474       190237 
     2.856     28.755      1.475       585828 
     0.832     28.760      1.474       207216 
     1.639     28.765      1.642     10888700 
     3.368     28.768      2.012       100571 
     2.031     28.768      1.402       405715 
     1.973     28.768      1.401       394177 
     3.077     28.768      2.002       108921 
     3.373     28.768      1.406       138255 
     3.057     28.768      1.401       110181 
     1.387     28.768      2.012       318284 
     1.641     28.788      1.963      1282070 
     0.906     28.844      1.962       459766 
     3.185     28.866      1.962       592517 
     2.243     28.870      1.475        86622 
     8.107     28.884      1.646       285924 
     0.640     28.957      1.221       752002 
     0.645     28.967      1.647       761038 
     1.648     28.974      1.221      1539800 
     0.957     28.976      1.643       616036 
     3.891     28.980      1.218       361431 
     8.103     28.983      1.219       217930 
     1.220     29.000      1.646      1538400 
     1.216     29.060      1.217      2257950 
     1.997     29.085      1.217       323742 
     2.077     29.094      2.071     10169000 
     2.453     29.094      2.069       844417 
     2.014     29.094      2.013      3284030 
     8.212     29.113      1.965       325281 
     2.445     29.119      2.019       439196 
     0.958     29.136      1.210       662515 
     1.413     29.167      1.401       624766 
     1.402     29.193      2.003       517113 
     3.957     29.236      2.012       571324 
     8.213     29.281      2.020       390835 
     3.953     29.321      1.968       523230 
     7.900     29.352      2.016       359687 
     8.309     29.361      2.192       414589 
     8.295     29.403      2.097       410464 
     4.143     29.417      2.188       818159 
     7.831     29.453      2.222       520015 
     3.887     29.453      2.224       265376 
     4.141     29.454      2.226       796744 
     7.826     29.535      1.780       282396 
     1.775     29.544      1.180      1110840 
     7.859     29.550      2.263       436123 
     1.179     29.555      1.779      1190110 
     4.141     29.558      2.257       841950 
     7.688     29.563      1.743       178694 
     0.885     29.567      1.180       865554 
     1.164     29.575      1.177      1484430 
     7.831     29.576      1.182       212099 
     3.985     29.578      2.080       619303 
     2.986     29.583      1.735      1611170 
     3.641     29.583      1.181       331434 
     3.643     29.591      1.776       350580 
     1.723     29.593      1.733     32167700 
     1.768     29.595      1.772      7485750 
     2.246     29.598      2.236      4369700 
     0.887     29.605      1.779       869199 
     2.408     29.607      1.733       372911 
     1.681     29.620      1.681     22285800 
     4.002     29.655      2.121       474003 
     8.055     29.667      2.124       428821 
     2.118     29.667      2.128      9544500 
     3.889     29.667      2.122       183887 
     7.929     29.667      2.126       705918 
     8.050     29.667      2.085       656724 
     1.121     29.669      1.123      1165120 
     1.702     29.673      1.120      1014140 
     1.961     29.675      1.733      1370880 
     2.359     29.676      2.089      1682990 
     2.075     29.682      2.246      1492830 
     1.119     29.682      1.701      1165230 
     4.165     29.692      2.080      2248600 
     1.710     29.693      1.697     23926300 
     3.575     29.693      1.702       323388 
     2.228     29.700      2.080      4003940 
     0.716     29.701      1.119       672943 
     2.065     29.705      1.121       271902 
     8.318     29.723      1.121       200336 
     0.731     29.725      2.081       327794 
     1.415     29.731      1.682      1271530 
     8.314     29.740      1.700       330878 
     4.028     29.747      2.391       100895 
     0.924     29.749      1.125       560406 
     0.735     29.762      2.123       235087 
     3.573     29.767      1.120       218170 
     8.172     29.792      2.075       741276 
     4.127     29.800      2.121       831005 
     2.078     29.807      2.079     18476500 
     1.512     29.828      2.081       688906 
     7.928     29.837      2.090       854251 
     2.930     29.859      1.674       793497 
     2.930     29.859      1.714      1039250 
     2.079     29.862      1.699      1414470 
     3.959     29.887      1.699       418091 
     0.947     29.896      2.411       163675 
     3.818     29.899      1.698       272597 
     1.804     29.905      2.407       284329 
     1.573     29.905      2.411       115024 
     3.187     29.935      2.032       260208 
     2.028     29.935      2.042      6666230 
     1.956     29.935      1.959      5709770 
     8.207     29.935      1.961       253197 
     8.207     29.935      2.041       391947 
     0.731     29.935      1.697      1395140 
     3.192     29.935      1.951       500242 
     0.929     29.952      1.698      1601380 
     2.405     30.000      2.412       284393 
     2.608     30.011      1.800       164467 
     5.179     30.011      2.413        97547 
     7.631     30.047      1.828       114564 
     3.686     30.060      1.695       375129 
     8.246     30.082      1.694       334545 
     1.258     30.097      1.260      1929540 
     1.259     30.106      1.695      1608180 
     0.924     30.108      1.259       832196 
     2.086     30.113      1.259       375307 
     1.696     30.116      1.259      1413190 
     0.744     30.144      1.260       896507 
     3.983     30.145      1.939       670873 
     3.688     30.156      1.258       326103 
     8.229     30.167      1.262       238898 
     1.690     30.170      1.696     15289600 
     1.568     30.199      2.342       438740 
     4.495     30.199      2.342       551819 
     2.337     30.209      2.342      2095610 
     1.845     30.213      2.342      1152440 
     2.337     30.220      1.846      1728150 
     3.823     30.228      1.849       328359 
     4.488     30.228      1.845       478739 
     1.674     30.240      2.073       815503 
     3.980     30.257      1.852       786414 
     3.813     30.262      2.342       229246 
     3.197     30.275      2.069       216020 
     3.582     30.278      2.343       178593 
     8.275     30.292      1.855       431327 
     3.323     30.296      3.326      1107600 
     7.036     30.302      3.115       266824 
     1.603     30.315      1.857      1295880 
     8.402     30.316      3.327       336737 
     3.400     30.331      3.405       995410 
     8.403     30.339      3.406       321929 
     9.041     30.347      3.406       165660 
     4.590     30.352      3.326       322426 
     3.399     30.354      3.326      1065280 
     3.327     30.354      3.403       969022 
     4.057     30.365      3.329       158931 
     0.955     30.368      3.325       149658 
     9.036     30.382      3.327       176047 
     4.593     30.392      3.405       259971 
     4.583     30.404      3.117       779324 
     4.805     30.404      3.116       301226 
     3.096     30.404      3.116     11650200 
     4.369     30.420      3.067       107994 
     8.653     30.434      1.896       239450 
     3.681     30.439      1.890       344847 
     3.211     30.462      1.885      1014180 
     0.960     30.465      3.403       127012 
     3.837     30.478      3.404        95796 
     3.823     30.478      3.325        89792 
     4.082     30.478      3.412        67960 
     4.177     30.480      1.887      1215390 
     1.471     30.480      1.882       289766 
     1.884     30.488      1.884     18032700 
     4.375     30.491      3.133        81230 
     3.679     30.492      2.079       293538 
     8.002     30.495      1.887       826188 
     0.902     30.510      2.075       737675 
     4.795     30.514      1.878       191467 
     8.657     30.590      2.085       212535 
     2.364     30.630      1.948       247578 
     3.041     30.634      2.072       141997 
     0.905     30.660      1.875       616715 
     1.877     30.670      2.070      1626790 
     2.084     30.670      1.870      1664870 
     1.687     30.672      1.954       907194 
     1.821     30.744      1.952      5810390 
     1.152     30.755      2.073       250804 
     3.208     30.759      1.820       403232 
     2.062     30.760      2.065      6508270 
     7.898     30.760      2.065       373692 
     1.691     30.803      1.814      1464160 
     1.952     30.804      1.954     15827100 
     1.445     30.805      2.075       319225 
     3.911     30.845      1.869       488481 
     3.923     30.846      2.127       229379 
     1.671     30.850      1.679      1502180 
     1.814     30.850      1.815     13221600 
     1.954     30.860      1.815      5349620 
     1.648     30.871      2.149       227703 
     4.421     30.889      1.955       511352 
     8.093     30.913      1.813       175371 
     3.206     30.916      1.949       471851 
     1.160     30.930      1.866       353328 
     7.888     30.946      1.692       142398 
     7.873     30.983      1.869       209493 
     8.216     31.016      2.155       229062 
     3.698     31.035      2.156       198981 
     0.918     31.064      2.156       593473 
     1.073     31.103      2.159      1152510 
     3.492     31.137      2.160       205096 
     2.164     31.140      2.156      1831210 
     8.552     31.140      2.158       335829 
     7.887     31.832      1.560        48394 
     0.939     31.894      1.562        66211 
     2.846     31.903      1.543        84834 
     4.547     31.918      1.738        80037 
     1.550     31.952      1.548       602152 
     1.724     31.960      1.550       647705 
     0.827     31.974      1.543       106243 
     2.866     31.977      1.728        80354 
     1.376     31.992      1.549       391948 
     1.541     32.010      1.730       550427 
     1.375     32.027      1.734       386871 
     1.735     32.044      1.731       840470 
     4.194     32.074      1.553       235174 
     4.194     32.076      1.729       177838 
     3.045     32.096      1.734        70767 
     3.087     32.160      1.549        43182 
     2.462     32.455      2.041       432424 
     2.021     32.474      1.565       210928 
     4.232     32.504      2.046       438730 
     4.235     32.507      1.963       466143 
     7.690     32.510      1.963       379791 
     1.730     32.516      2.047       459813 
     1.961     32.530      1.953      2810720 
     1.562     32.539      2.047       631484 
     7.690     32.543      2.049       373344 
     1.568     32.547      1.959       657708 
     2.458     32.557      2.088       442984 
     2.569     32.558      2.037       376694 
     3.013     32.584      2.047       142468 
     2.047     32.599      2.046      5096810 
     2.596     32.703      2.102       658838 
     5.175     32.770      2.617        75152 
     1.795     32.777      2.615       158463 
     8.345     32.785      2.131       144925 
     2.121     32.812      1.924      1681570 
     1.921     32.817      2.131      1520910 
     2.130     32.819      2.125      2878250 
     2.110     32.825      2.613       452915 
     2.593     32.825      2.609       923574 
     1.418     32.827      2.131       496314 
     7.660     32.832      2.614       168500 
     9.069     32.843      2.132       305098 
     3.953     32.844      2.131       395835 
     2.954     32.845      1.931       193185 
     2.443     32.849      1.939       133370 
     5.184     32.854      2.111        98166 
     2.110     32.865      2.105      2729170 
     9.071     32.865      1.922       326067 
     1.418     32.897      1.922       854018 
     3.949     32.901      1.925       645518 
     1.680     32.909      1.925       760606 
     0.917     32.929      1.930       287376 
     1.870     32.943      1.856      3005120 
     8.297     32.949      1.925       315890 
     1.913     32.949      1.918      5066900 
     1.406     32.950      1.860       361249 
     3.810     32.954      1.854       360129 
     8.619     32.972      1.855       335572 
     3.809     32.973      1.926       391278 
     8.621     32.996      1.931       336714 
     2.932     32.998      1.854       178909 
     1.646     32.998      1.856       442280 
     0.939     33.003      1.854       252889 
     3.952     33.014      1.858       286325 
     8.276     33.018      1.856       226657 
     7.828     36.093      2.401       357307 
     7.837     36.154      2.462       442195 
     4.147     36.192      2.451       742078 
     2.437     36.235      2.453     16799700 
     4.143     36.252      2.390       927992 
     3.933     36.272      2.453       491977 
     1.581     36.301      2.451       451999 
     7.912     36.320      2.287       288573 
     1.537     36.324      2.394       362746 
     0.673     36.333      2.395       241847 
     8.222     36.338      2.287       388094 
     8.224     36.338      2.452       411769 
     4.141     36.339      2.305       834294 
     8.305     36.341      2.427       427594 
     1.429     36.354      2.454       329412 
     0.912     36.355      2.314       455562 
     3.944     36.357      2.288       573958 
     2.405     36.359      2.398     18892200 
     8.308     36.371      2.312       361945 
     4.007     36.397      2.391       489096 
     2.131     36.400      2.140      5215880 
     2.123     36.405      2.385      4709840 
     2.389     36.406      2.141      2183810 
     1.553     36.408      2.139       176357 
     8.063     36.408      2.141       251836 
     4.004     36.409      2.140       453592 
     7.936     36.414      2.372       312499 
     0.677     36.425      2.137       262202 
     8.044     36.450      2.387       261809 
     2.384     36.458      2.084       754711 
     2.237     36.466      2.491      3681450 
     7.895     36.486      2.497       456743 
     4.161     36.491      2.235      1088770 
     2.074     36.491      2.237      3061440 
     2.494     36.492      2.231      2514580 
     7.909     36.493      2.231       359332 
     2.079     36.500      2.494       868988 
     4.147     36.500      2.491       585943 
     2.477     36.500      2.491      8249920 
     2.231     36.507      2.076       671743 
     8.181     36.511      2.376       300496 
     8.179     36.529      2.240       224926 
     0.883     36.533      2.237       226713 
     8.308     36.549      2.076       303060 
     1.114     36.549      2.076       119930 
     0.912     36.549      2.076       964937 
     0.709     36.549      2.076       276620 
     7.827     36.803      2.092       207420 
     1.256     36.815      2.091       261323 
     3.809     36.839      2.092       257274 
     3.685     36.846      2.087       283090 
     2.083     36.849      2.080      2771870 
     1.694     36.962      2.083       557243 
     0.913     36.975      2.082      1495650 
     0.732     36.991      2.080       578740 
     8.313     37.251      2.069       633821 
     4.251     37.856      3.008       137986 
     7.060     37.873      3.003       222390 
     1.574     37.874      3.001       144702 
     0.895     37.879      2.998       239805 
     0.863     37.896      1.965       715319 
     1.193     37.896      1.965       288377 
     1.961     37.896      1.963      2251640 
     3.643     37.944      1.964       215953 
     7.442     37.952      1.928       390438 
     3.437     37.966      1.934       170091 
     8.942     37.974      1.928       339544 
     1.780     37.979      1.964       319848 
     0.946     37.988      1.956      1416070 
     8.328     37.995      2.001       316485 
     7.905     38.017      3.004       129684 
     7.826     38.022      1.965       437267 
     1.946     38.026      1.946      2332420 
     8.400     38.068      1.966       264266 
     0.958     38.075      1.985      1448040 
     3.981     38.090      1.987       502033 
     1.990     38.094      1.988      2696160 
     1.655     38.095      2.001       410446 
     1.206     38.099      1.992       328211 
     0.646     38.120      2.003       459667 
     8.100     38.135      2.001       469225 
     3.020     38.380      3.006       664116 
     4.185     38.842      2.878       179124 
     7.658     38.861      2.801       235455 
     8.188     38.867      2.879       213056 
     7.659     38.872      2.879       255644 
     4.179     38.873      2.804       145685 
     4.681     38.878      2.801       447170 
     2.840     38.880      2.800      6058350 
     2.846     38.886      2.878      6512350 
     7.962     38.889      2.877       104842 
     4.681     38.890      2.879       508443 
     7.973     38.897      2.807       101482 
     8.188     38.910      2.803       182168 
     8.367     39.128      3.014       199296 
     4.828     39.131      3.255       120885 
     3.020     39.145      3.250       322190 
     8.364     39.187      3.255       194983 
     1.165     39.201      3.253       167863 
     7.247     39.217      3.257       214220 
     4.823     39.219      3.016       166948 
     4.320     39.221      3.254       143536 
     1.160     39.226      3.020       205028 
     3.252     39.233      3.014       351222 
     7.251     39.237      3.014       234972 
     3.280     39.247      3.256       313866 
     7.654     41.227      1.829       188910 
     7.649     41.277      1.651       130132 
     4.078     41.289      1.829       204883 
     1.063     41.292      1.653       218787 
     3.949     41.318      1.829       261342 
     1.666     41.319      1.652      1117120 
     8.353     41.320      1.652       236645 
     8.355     41.326      1.832       262258 
     1.829     41.331      1.651       648909 
     1.670     41.344      1.830       981866 
     1.829     41.361      1.830       936140 
     0.907     41.363      1.830       812506 
     4.077     41.390      1.641       144947 
     3.942     41.396      1.651       255621 
     0.909     41.404      1.652       774006 
     1.068     41.422      1.831       174148 
     2.353     41.557      2.082       188994 
     2.345     41.621      1.258       185782 
     1.256     41.627      1.258       667415 
     2.083     41.632      1.259       606895 
     1.258     41.643      2.085       592986 
     4.048     41.644      1.260       256459 
     0.733     41.644      2.086       513391 
     0.939     41.645      1.259       519134 
     8.310     41.647      1.255       142586 
     0.733     41.655      1.260       514635 
     2.081     41.673      2.082       583430 
     8.310     41.716      2.084       183524 
     3.961     41.721      2.934       250392 
     1.398     41.722      2.934       592787 
     0.939     41.731      2.080       514394 
     4.046     41.731      2.076       235430 
     0.876     41.736      2.932       638334 
     1.895     41.743      2.932       697854 
     2.926     41.750      2.932     39275900 
     1.674     41.757      2.933      1746360 
     4.796     41.757      2.933       590828 
     0.726     41.905      1.749       173506 
     4.041     41.923      2.028       289852 
     8.224     41.940      1.891       170785 
     0.943     41.954      2.025       780041 
     1.748     41.957      1.739      2057080 
     2.030     41.967      2.029      1040460 
     0.715     41.972      1.891       173200 
     1.073     41.972      1.752       161218 
     1.353     41.972      1.893       173723 
     1.758     41.972      1.752      1513660 
     1.874     41.972      1.890       587354 
     1.728     41.976      1.894       520140 
     1.069     41.976      1.885       202290 
     1.879     41.976      1.755       428772 
     8.616     41.979      2.025       186966 
     8.352     41.986      1.886       129842 
     8.754     41.991      1.743       271747 
     8.757     41.991      2.024       296853 
     4.023     41.993      1.743       422788 
     3.916     41.993      2.027       185187 
     1.737     41.994      2.024       761256 
     0.938     42.002      1.740      1234490 
     2.027     42.002      1.741       785151 
     3.978     42.027      1.893       198418 
     1.386     42.040      2.860       851689 
     1.467     42.040      2.859       947109 
     2.859     42.041      2.860     22526800 
     1.623     42.043      2.860       920650 
     8.223     42.045      1.754       203636 
     8.611     42.047      1.746       108396 
     8.159     42.058      1.717       309239 
     3.925     42.082      1.721       507037 
     0.890     42.101      1.586       785448 
     1.596     42.104      1.718      1784930 
     3.916     42.107      1.586       395104 
     1.694     42.110      1.587      1120450 
     7.907     42.112      1.718       248400 
     8.149     42.112      1.585       302231 
     7.906     42.124      1.586       175260 
     1.719     42.163      1.716      2103500 
     2.960     42.167      2.962     36784700 
     3.023     42.167      3.026     34532200 
     2.984     42.176      2.984     72781600 
     4.804     42.176      2.975       357341 
     4.799     42.176      3.007       363360 
     1.715     42.176      3.011      1567790 
     3.008     42.176      3.007     50574200 
     0.947     42.180      1.893       581959 
     1.591     42.189      1.588      2325330 
     1.723     42.191      2.984      1841520 
     1.574     42.205      2.972       835577 
     2.993     42.207      1.737      2451220 
     3.511     42.208      2.982       278871 
     2.453     42.220      2.988       423351 
     3.407     42.222      2.982       375097 
     2.294     42.225      2.984       225695 
     2.588     42.249      2.979       362167 
     1.569     42.250      3.016       754844 
     1.892     42.793      1.892      1055400 
     1.564     42.928      1.892       291284 
     0.728     42.941      1.894       409092 
     0.828     42.968      1.345       310328 
     3.883     42.978      1.349       135642 
     8.556     42.979      1.893       113033 
     1.348     42.991      1.891       876109 
     1.890     42.993      1.347       858074 
     0.947     42.997      1.346       307246 
     1.348     43.003      1.347      1069420 
     8.052     43.004      1.892       340928 
     1.564     43.012      1.347       276627 
     0.957     43.014      1.891       382226 
     4.174     43.014      1.346       269472 
     8.052     43.018      1.345       241922 
     0.729     43.020      1.346       332890 
     4.179     43.038      1.891       255100 
     3.878     43.040      1.895       191372 
     4.331     43.178      3.311       165312 
     1.998     43.216      3.315       566614 
     1.838     43.221      3.309       922379 
     4.333     43.223      3.286       161497 
     1.698     43.223      3.284       948182 
     1.838     43.223      3.288       932542 
     2.011     43.223      3.290       506411 
     3.305     43.223      3.315     28417400 
     3.281     43.223      3.288     26313300 
     3.807     43.223      3.286       191815 
     1.697     43.241      3.311       930578 
     3.802     43.280      3.312       196339 
     8.421     43.281      3.066       141453 
     2.020     43.322      3.062       306493 
     1.397     43.330      3.374       231981 
     3.996     43.338      3.065       117523 
     1.678     43.339      3.064       201138 
     3.376     43.356      3.065       676617 
     2.015     43.373      3.371       295999 
     3.365     43.377      3.367      1203450 
     3.066     43.377      3.069      1562140 
     1.400     43.378      3.065       264937 
     3.069     43.379      3.373       918627 
     3.998     43.399      3.372       149317 
     4.447     43.463      3.205       375178 
     2.686     43.478      3.205       447993 
     3.206     43.487      3.210    118844000 
     2.483     43.505      3.188       181465 
     3.950     43.511      3.190       576798 
     1.956     43.518      3.190      2681920 
     4.174     43.519      3.213       372727 
     3.230     43.639      3.224     67202500 
     3.182     43.639      3.181     49384500 
     1.618     43.648      3.182      2358820 
     1.618     43.648      3.222      2523080 
     0.912     43.707      3.181       963284 
     1.500     43.783      3.176       734859 
     1.482     43.844      3.237       498887 
     0.911     44.011      3.244       460642 
     4.809     44.206      3.172       614466 
     1.502     44.206      3.171       649726 
     1.649     44.206      3.251      1032440 
     1.649     44.206      3.171      1613670 
     1.502     44.206      3.251       494587 
     3.245     44.206      3.241     20260700 
     3.177     44.206      3.170     31597500 
     3.177     44.206      3.239     19956900 
     3.250     44.206      3.170     22160700 
     4.809     44.206      3.239       378836 
     8.297     45.791      4.142       357296 
     8.294     45.800      3.618       354537 
     4.139     45.802      3.618       831241 
     3.619     45.809      3.617       781087 
     3.620     45.811      4.140       790565 
     4.141     45.820      4.140       979636 
     3.737     47.015      3.736      1057170 
     7.679     47.137      3.734       131947 
     7.683     47.189      4.047       142940 
     7.980     47.190      3.736       395228 
     0.941     47.193      3.736       497333 
     4.052     47.196      3.737      1017170 
     2.065     47.197      3.738       170062 
     0.746     47.229      3.738       171465 
     2.058     47.287      4.058       195948 
     0.744     47.310      4.050       200086 
     4.046     47.350      4.044      1951660 
     3.867     47.350      4.044       783111 
     4.060     47.370      4.058      2014590 
     7.975     47.371      4.045       533362 
     3.771     47.371      4.053      1104180 
     1.961     47.393      4.075       184396 
     0.938     47.393      4.051       730848 
     7.953     47.393      3.832       410895 
     1.973     47.437      3.829       215249 
     4.073     47.449      3.831      1534160 
     4.075     47.483      4.083      1437820 
     3.834     47.483      3.830      1767790 
     3.829     47.483      4.083      1247520 
     3.368     47.576      4.046       166611 
     0.940     47.595      3.831       442038 
     8.254     47.620      4.050       154461 
     8.368     47.625      4.049       365475 
     8.234     47.625      3.833       172672 
     8.368     47.668      3.834       369292 
     7.620     49.784      3.805        83801 
     7.619     49.959      3.583        77831 
     2.330     49.972      3.816       329341 
     2.124     49.975      3.584       375800 
     8.941     49.978      3.586       261969 
     2.334     49.984      3.584       403975 
     5.179     49.985      3.583       154780 
     5.179     49.985      3.813       150981 
     3.816     49.988      3.585      1003710 
     8.943     49.990      3.817       266023 
     2.001     49.992      3.817       381055 
     3.587     49.998      3.814       893718 
     2.000     49.998      3.585       637985 
     1.856     49.999      3.585       240686 
     3.586     50.027      3.586      1430270 
     2.121     50.040      3.816       279094 
     4.506     50.042      3.586       123047 
     1.853     50.051      3.818       195684 
     3.817     50.118      3.816      1136040 
     8.302     51.818      4.137       174236 
     1.519     51.843      4.139      1731470 
     4.139     51.845      4.138      5367350 
     7.914     51.869      4.141       474340 
     4.319     52.968      4.319     17686900 
     8.094     52.974      4.320       340615 
     1.435     52.983      4.318      1917190 
     7.964     53.003      4.320       359691 
     2.855     53.750      4.680       877749 
     4.680     53.754      4.680      9754960 
     1.485     54.528      4.177      2295120 
     7.664     54.647      5.172       266612 
     5.178     54.751      5.178      1867550 
     2.085     54.758      4.175       608866 
     2.343     54.773      5.180       485859 
     8.138     54.780      4.175       158149 
     1.587     54.780      5.173       199505 
     2.130     54.803      5.184       360568 
     3.823     54.808      5.180       147483 
     4.173     54.813      4.174      8838760 
     1.828     54.831      5.178       299429 
     1.507     54.885      4.173      2564000 
     1.687     55.011      4.170       176574 
     2.405     55.028      4.171       220446 
     0.909     55.050      4.169       226362 
     2.056     55.131      3.999       279494 
     2.188     55.158      4.172       401128 
     8.315     55.164      4.169       252360 
     7.652     55.172      4.169       440068 
     7.884     55.179      3.998       216363 
     1.575     55.192      4.000       851105 
     7.724     55.200      4.001       229922 
     7.963     55.203      4.076       336859 
     4.000     55.216      3.998      2252510 
     8.354     55.225      4.073       165271 
     1.825     55.231      4.074       302369 
     4.076     55.251      4.075      4236790 
     0.899     55.258      4.075       699844 
     1.549     55.260      4.075      1566900 
     8.055     55.439      3.877       115222 
     1.894     55.447      3.878       263764 
     9.041     55.524      3.878       263293 
     0.951     55.532      3.875       680637 
     1.426     55.532      3.877       946008 
     3.876     55.536      3.876      2503030 
     0.716     55.565      3.876       368772 
     1.815     56.023      4.423       458130 
     4.424     56.052      4.424     27406100 
     1.955     56.058      4.425       789180 
     7.938     56.084      4.424       514085 
     1.684     56.096      4.424       594764 
     8.088     56.152      4.419       249857 
     3.206     56.172      4.423       236377 
     3.040     56.240      4.581      3687580 
     7.074     57.450      4.594       333418 
     3.002     57.764      3.895        63934 
     1.298     57.775      3.892       160259 
     7.046     57.800      3.890        74327 
     8.146     57.813      3.895       259545 
     3.332     57.818      4.588       563255 
     4.327     57.819      3.896       158457 
     7.915     57.821      3.895       178870 
     0.894     57.832      3.894       899232 
     1.889     57.861      4.184      1834620 
     1.587     57.862      3.896       581518 
     7.994     57.871      4.044       115634 
     3.211     57.881      4.184       257926 
     4.587     57.883      4.591      3660030 
     3.899     57.885      3.896      2408440 
     8.409     57.889      4.593       468385 
     8.231     57.890      3.996       218964 
     0.947     57.890      3.994      1228970 
     3.998     57.890      3.994      2146740 
     0.832     57.893      4.175       836943 
     1.259     57.900      4.046       434187 
     4.041     57.904      4.043      3734580 
     6.783     57.911      3.889        62569 
     0.713     57.936      3.998       379002 
     7.671     57.970      4.037       144219 
     8.013     57.989      4.183      1198130 
     4.184     58.012      4.185     22116100 
     2.613     58.012      4.046       174391 
     0.733     58.028      4.043       434462 
     8.313     58.053      4.046       338202 
     2.359     58.079      4.046       316826 
     4.792     58.081      4.183       258782 
     1.703     58.102      4.187       805022 
     4.688     58.107      4.181       201650 
     2.875     58.108      4.177       141734 
     8.183     58.109      4.184       734725 
     1.608     58.142      4.186       909244 
     1.975     58.226      4.236       972251 
     4.225     58.226      4.232      7409070 
     2.033     58.226      4.238       977608 
     0.942     58.237      4.043      2209280 
     7.688     58.246      4.236       654391 
     1.565     58.262      4.229       862894 
     2.078     58.272      4.183      2073610 
     1.390     58.277      4.184       777316 
     4.044     58.317      4.043      4618610 
     2.069     58.334      4.044       696063 
     0.712     58.345      3.952       292732 
     2.238     58.355      4.169      1019740 
     0.913     58.376      3.943      1402850 
     1.074     58.398      3.943       391711 
     3.940     58.420      3.940      3663380 
     1.737     58.502      4.042       561288 
     1.896     58.516      4.125       485313 
     8.332     58.575      3.945       450558 
     1.670     58.598      3.944       801184 
     8.752     58.606      4.045       256677 
     8.438     58.654      4.411       112888 
     3.878     58.714      4.401       942720 
     8.616     58.729      4.044       108038 
     8.261     58.879      4.401        80251 
     7.683     58.952      4.142       159535 
     2.099     59.009      4.130      1895940 
     4.513     59.018      4.131       143566 
     2.991     59.036      4.137       155642 
     7.901     59.057      4.124       924588 
     0.917     59.090      4.135       450927 
     8.308     59.133      4.136       627948 
     2.244     59.150      4.132      2000770 
     8.619     59.190      3.942       169632 
     2.286     59.255      3.944       479078 
     2.444     59.274      3.944       330622 
     1.494     59.346      4.125       843292 
     8.063     59.378      4.007       389984 
     0.918     59.395      3.942       642831 
     3.949     59.395      3.950      7274380 
     2.392     59.403      4.003       436405 
     8.268     59.403      3.979       569232 
     3.983     59.404      3.984      7469410 
     0.889     59.404      3.979       649388 
     4.010     59.410      4.004      5994340 
     2.112     59.417      4.002      1108670 
     1.724     59.428      4.136       385852 
     2.415     59.428      4.136       766108 
     4.128     59.428      4.126     13452700 
     2.086     59.428      4.134      1651520 
     1.538     59.440      4.003       713773 
     3.200     59.469      3.978       147279 
     2.091     59.494      3.946      1290750 
     1.157     59.499      3.909       342769 
     3.919     59.517      3.909      3255870 
     7.865     59.517      3.917       337247 
     1.869     59.570      3.911       776799 
     1.417     59.723      3.951       492780 
     1.545     59.736      4.383       327188 
     9.072     59.798      3.950       187497 
     7.877     59.845      3.944       386621 
     6.624     59.857      3.949       310364 
     8.388     59.870      4.391       258220 
     4.112     59.906      4.391       486673 
     3.949     59.957      3.948      6500040 
     8.216     59.957      3.944       466964 
     1.923     59.957      3.948      1300450 
     3.879     60.075      4.283       968461 
     1.612     60.102      3.945       917660 
     4.684     60.150      4.278       224671 
     7.917     60.204      4.263       214335 
     1.893     60.267      3.698       407024 
     8.653     60.276      3.698       271831 
     1.657     60.277      3.699       339060 
     0.898     60.279      3.943       596132 
     3.698     60.281      3.698      2100790 
     0.915     60.284      3.698       729862 
     0.716     60.295      3.698       254933 
     1.078     60.299      3.698       322851 
     3.186     60.309      3.945       188068 
     2.096     60.310      3.697       389006 
     3.186     60.324      3.695       117988 
     8.248     60.344      3.806       216025 
     2.085     60.344      3.807       392483 
     1.482     60.355      3.697       240925 
     1.886     60.355      3.807       604660 
     1.640     60.358      3.806       415096 
     1.402     60.361      3.807       254408 
     8.621     60.372      3.810       275596 
     0.958     60.386      3.808       753000 
     1.065     60.420      3.948       151277 
     3.949     60.427      3.944      4205280 
     3.813     60.460      3.810      3162740 
     7.892     60.580      3.990       345055 
     1.401     60.620      3.990       377296 
     1.950     60.730      3.993       546823 
     2.046     60.730      3.993       541058 
     1.671     60.730      3.990       427310 
     8.265     60.730      3.988       149382 
     3.993     60.730      3.990      2736740 
     7.069     60.764      4.253       377388 
     1.069     60.802      4.252       212322 
     3.004     60.805      4.258       359580 
     1.728     60.808      4.257       244100 
     4.247     60.840      4.248      2952460 
     0.930     60.846      4.254       295900 
     1.887     60.850      4.257       195632 
     3.897     60.977      4.188       470706 
     8.347     61.076      4.188       273513 
     4.188     61.086      4.188      3306830 
     2.073     61.090      4.187       362715 
     3.838     61.096      4.189       412504 
     3.030     61.180      4.316       222456 
     1.855     61.237      4.320       385161 
     0.890     61.257      4.321       221590 
     1.694     61.267      4.320       263798 
     8.944     61.281      4.322       338861 
     3.272     61.292      4.321       403796 
     4.321     61.295      4.320      3491020 
     1.990     61.321      4.321       787774 
     3.901     62.083      3.818      2155100 
     3.901     62.083      3.901      2330040 
     3.819     62.083      3.814      2734020 
     3.814     62.083      3.901      1890220 
     4.191     62.094      3.904       407499 
     8.344     62.098      3.907       245150 
     4.185     62.164      3.816       368140 
     7.721     62.176      3.812       142827 
     4.787     62.199      3.813       238798 
     4.796     62.202      3.906       183361 
     8.345     62.203      3.815       378649 
     3.959     62.401      3.961      1144650 
     3.824     62.401      3.818      2384100 
     3.959     62.401      3.814      1341050 
     3.814     62.401      3.959       521804 
     4.716     62.421      3.959       184061 
     4.716     62.421      3.811       140537 
     1.575     62.422      3.812       305312 
     8.346     62.632      3.961       229968 
     1.566     62.702      3.964       300358 
     4.388     63.494      3.971       545807 
     4.388     63.510      4.107       490995 
     4.109     63.512      3.971      1659950 
     3.969     63.519      4.109      1498410 
     8.378     63.524      4.110        91351 
     1.549     63.583      4.109       154088 
     0.904     63.586      4.117        62263 
     0.912     63.614      3.968        88980 
     2.729     63.640      3.864       234026 
     2.062     63.678      3.871       506301 
     4.399     63.732      3.912       669178 
     4.585     63.754      3.837        80127 
     4.399     63.768      3.833       620138 
     8.087     63.863      3.880       410729 
     2.255     63.913      3.888       450357 
     4.581     63.964      3.902       123371 
     1.644     64.016      3.886       387604 
     0.958     64.095      3.890       667770 
     1.220     64.116      3.890       400781 
     0.639     64.120      3.889       305926 
     7.926     64.177      3.875       185439 
     8.317     64.214      3.898       157802 
     3.684     64.717      3.685      8238570 
     8.230     64.729      3.689       268344 
     1.428     64.761      3.685       611653 
     0.738     64.763      3.685       582481 
     7.933     64.771      3.880       256669 
     0.915     64.791      3.682       965279 
     1.701     64.796      3.682       338357 
     1.254     64.833      3.684       387133 
     2.088     64.859      3.679       352757 
     3.879     64.864      3.878     78444400 
     4.283     64.898      3.877      1129420 
     0.927     64.953      3.572       800088 
     8.314     64.956      3.571       409224 
     2.072     64.957      3.572       402456 
     1.258     64.970      3.571       160692 
     0.724     64.970      3.571       789666 
     2.346     64.978      3.571       331730 
     1.115     64.984      3.571       331145 
     3.572     64.986      3.571      1948650 
     1.695     64.999      3.569       312130 
     2.093     65.002      4.184       124477 
     4.183     65.018      4.183      4471560 
     1.297     65.024      4.183       764580 
     4.325     65.035      4.183       619611 
     2.810     65.037      4.182       173577 
     7.969     65.052      4.182       425916 
     8.182     65.090      4.181       293750 
     0.895     65.131      4.182        90936 
     2.307     65.162      4.184        95598 
     0.944     65.343      3.645       927950 
     2.070     65.350      3.646       338566 
     1.781     65.382      3.642       431894 
     1.178     65.396      3.642       491337 
     1.944     65.414      3.643       397724 
     7.828     65.429      3.641       285331 
     3.666     65.477      3.666     31776700 
     1.526     65.874      4.498       858432 
     4.498     65.883      4.498      2741140 
     2.338     65.901      4.497       792790 
     1.842     65.927      4.497       520156 
     2.139     65.946      4.499       214157 
     0.946     67.149      4.405       272851 
     7.443     67.158      3.439       261162 
     8.370     67.165      4.399       173367 
     7.621     67.165      3.438       132015 
     4.419     67.173      3.438       270510 
     4.427     67.181      4.405       761819 
     0.929     67.187      3.439      1264020 
     1.162     67.191      4.409       415915 
     3.440     67.195      3.439      2375430 
     1.932     67.200      3.440       266446 
     7.610     67.205      4.411       310029 
     2.055     67.213      3.439       332393 
     3.439     67.338      4.404       172055 
     3.490     67.441      3.492      1981560 
     2.741     67.452      3.496       158384 
     1.074     67.462      3.496       918838 
     8.550     67.493      3.495       191005 
     2.145     67.497      3.495       279912 
     8.052     67.573      3.497       136996 
     4.452     69.330      4.089       324812 
     8.346     69.332      4.089       367267 
     1.161     69.355      4.089       623108 
     1.573     69.366      4.091       327630 
     4.090     69.375      4.090      2387010 
     7.608     69.396      4.090       223537 
     2.070     69.400      4.328       157661 
     1.297     69.418      4.324      1057840 
     4.182     69.422      4.326       627947 
     7.966     69.432      4.326       467534 
     8.171     69.438      4.323       329114 
     4.325     69.441      4.325      3920600 
     0.891     69.453      4.324       135875 
     1.571     69.487      4.317       107778 
     3.895     69.527      4.325       302521 
     4.176     88.998      1.437       580301 
     7.966     89.099      1.436       835696 
