       w1         w2         w3   Data Height 

     2.065    116.189      8.352       164463 
     2.471    119.940      8.281        98844 
     2.304    112.978      7.658       128653 
     2.546    119.881      8.277        82170 
     2.060    120.027      8.280       323945 
     4.387    119.957      8.281       191765 
     7.891    123.409      8.424        75545 
     3.812    120.006      8.286        42002 
     4.390    123.415      8.416       105812 
     4.140    123.384      8.420        75408 
     1.719    123.412      8.428        66742 
     3.207    115.375      7.295        86420 
     2.385    112.958      7.003       119188 
     2.372    121.710      7.441       110882 
     1.851    123.536      8.365       142606 
     8.414    117.607      7.874       104086 
     0.895    121.163      7.959       284326 
     4.575    116.234      8.346        43845 
     2.234    118.094      8.309       310665 
     4.115    118.094      8.309       284790 
     0.942    120.693      7.892       115227 
     0.860    120.822      7.817       391341 
     0.934    118.982      8.048       161618 
     2.320    112.958      7.002       120323 
     2.421    124.849      8.749        79271 
     4.382    121.165      7.963       118308 
     4.120    119.116      8.204       106405 
     0.894    114.506      7.960        59007 
     3.492    121.254      8.133        69255 
     1.376    123.413      8.429       115630 
     1.549    123.434      8.427        88385 
     4.384    116.166      8.353       381475 
     4.107    116.189      8.356       119029 
     3.974    116.207      8.352       168948 
     1.547    116.185      8.355       122272 
     3.077    119.934      8.278       103613 
     7.915    120.074      7.917      6534742 
     3.980    126.548      7.723       528466 
     3.829    126.543      7.724       338473 
     1.878    126.536      7.723       153898 
     3.830    113.422      8.343       487683 
     1.718    113.405      8.342        95356 
     1.425    113.412      8.341       152918 
     7.692    102.270      7.982       387417 
     4.054    102.261      7.981       774260 
     3.688    105.417      7.950       183903 
     0.932    105.405      7.947       148829 
     3.855    122.730      8.049       302638 
     0.946    122.738      8.050       181825 
     1.551    117.620      7.873       204133 
     1.374    117.648      7.871       118987 
     0.940    121.725      7.441       997710 
     4.820    108.737      8.282       165275 
     4.134    108.732      8.283       812249 
     8.257    108.911      8.366       732872 
     2.053    120.050      7.901       680961 
     0.897    121.613      8.169       135485 
     0.906    120.021      7.901       153344 
     2.250    120.019      7.902       807630 
     4.136    120.070      7.909      1148479 
     4.053    113.868      7.660       203630 
     0.943    113.865      7.660       377315 
     3.890    114.476      7.967       142481 
     3.906    119.650      7.824       321193 
     4.104    115.242      8.344       505733 
     1.854    115.261      8.345       111098 
     3.288    118.894      8.941       110880 
     3.984    117.264      8.273       719891 
     1.625    117.253      8.273       326767 
     1.885    117.918      8.212       390128 
     1.853    117.264      8.273      1287386 
     3.194    117.244      8.269        91283 
     2.332    117.855      7.607       378833 
     3.687    117.596      8.654       519642 
     2.051     84.667      8.411       105338 
     1.699    134.188      9.066        86964 
     1.603    134.180      9.071        98588 
     1.420    134.149      9.071       159083 
     0.715    117.612      8.653       164610 
     3.815    117.864      7.607       197161 
     7.880    117.904      8.214       704314 
     8.210    117.961      8.213      3475873 
     3.944    117.893      8.214       667426 
     7.985    118.048      8.181       388776 
     8.193    118.001      8.181      2790612 
     4.182    118.036      8.186       495395 
     1.888    118.007      8.191       474054 
     0.938    118.146      8.311       529203 
     2.033    124.894      8.753       733119 
     8.165    118.238      7.913        97462 
     4.141    118.254      7.912       596455 
     3.873    118.281      7.914       159987 
     4.028    124.885      8.752       508306 
     4.181    123.329      7.966       225643 
     0.923    123.056      8.227       704077 
     3.823    123.057      8.225       332137 
     1.715    122.395      7.935       119864 
     7.984    121.869      8.176       659014 
     1.906    121.796      9.037       134722 
     0.949    121.800      9.037       506136 
     1.634    118.352      8.614       426503 
     1.881    118.354      8.614       791950 
     2.087    121.591      7.903       145074 
     3.652    121.274      8.402       184389 
     0.944    118.346      8.614       394675 
     2.095    118.647      8.302       705576 
     1.585    121.262      8.143       706199 
     3.898    121.277      8.142       414792 
     7.906    118.982      8.048       276199 
     2.060    118.986      8.050       465774 
     1.071    119.005      8.049       105937 
     2.111    120.910      8.059       959615 
     1.951    119.163      8.214       620661 
     1.071    119.171      8.213       272199 
     0.913    119.158      8.212       240047 
     8.093    119.535      8.091      6720910 
     1.413    120.823      7.822       126040 
     3.651    120.815      7.821       390656 
     3.928    119.663      7.861       646331 
     2.044    120.648      7.893       974113 
     0.925    119.638      7.862       120174 
     0.715    120.582      8.321       297807 
     0.937    120.575      8.319       537479 
     3.933    120.572      8.319       213460 
     0.722    120.316      8.225       184815 
     0.945    120.303      8.226       391742 
     0.937    119.657      8.548       298384 
     0.714    119.644      8.547       135408 
     7.826    119.654      7.825      4378626 
     8.308    119.667      7.822      1154020 
     2.440    119.652      7.822       630966 
     0.937    119.666      7.823       259169 
     2.410    119.677      7.696       103314 
     0.941    119.692      7.692       190781 
     1.555    120.293      8.224       141790 
     8.183    119.814      8.003       661272 
     2.101    120.283      8.225       437434 
     4.000    120.301      8.225       409204 
     1.468    119.875      8.000       106740 
     7.656    120.020      7.654      3792129 
     8.351    120.061      7.652       452750 
     3.992    120.042      7.655       331246 
     0.916    120.019      7.650       281225 
     7.906    120.050      7.903      6453264 
     4.198    120.893      8.062       196978 
     1.736    117.573      7.877       141361 
     1.704    120.935      8.064       124461 
     7.879    117.621      7.874      1697614 
     4.246    117.592      7.872       233850 
     4.229    121.141      7.962       164049 
     4.238    120.282      8.220       180716 
     3.009    117.585      7.873       374712 
     3.013    121.163      7.959       323899 
     7.064    117.580      7.873       243742 
     7.960    121.157      7.959      3383635 
     4.075    121.144      7.958       429212 
     4.067    119.121      8.352       193427 
     1.549    121.155      7.959      1225349 
     1.548    120.928      8.059       660172 
     8.058    120.920      8.058      2887919 
     8.064    120.264      8.225       372793 
     4.012    120.917      8.060       484323 
     2.095    120.997      7.954       249263 
     2.390    120.931      8.061       219914 
     2.389    120.303      8.228        80808 
     8.213    121.011      7.952       117102 
     8.223    120.912      8.058       371306 
     8.229    120.298      8.226      2026704 
     1.891    120.294      8.225       387686 
     1.738    120.292      8.224       456073 
     8.354    119.094      8.352      2237734 
     3.953    119.112      8.353       359417 
     1.835    119.119      8.353       508836 
     1.825    120.049      7.651       366704 
     1.674    119.112      8.353       679223 
     1.670    120.054      7.650       398976 
     0.916    119.104      8.352       508230 
     7.650    119.123      8.352       320753 
     7.651    119.126      8.101       338687 
     4.166    120.041      7.650       507271 
     4.161    119.201      8.098       178592 
     1.558    119.121      8.352       237994 
     1.528    120.050      7.652      1415884 
     1.528    119.165      8.101       534459 
     1.515    120.585      8.317        91176 
     1.528    118.722      8.301       125202 
     8.105    120.082      7.652       435051 
     8.099    119.158      8.101      3390492 
     8.101    120.580      8.320       290567 
     3.900    119.141      8.100       432712 
     2.005    119.176      8.102       746567 
     1.221    119.163      8.100       257364 
     1.660    119.233      8.099       526486 
     0.648    119.180      8.103       225000 
     0.952    119.162      8.101       421488 
     0.939    108.904      8.367       417076 
     8.322    119.145      8.103       474419 
     8.322    120.575      8.319      2123765 
     3.569    120.569      8.319       274155 
     3.570    118.157      8.313       168786 
     2.053    120.567      8.319       679584 
     1.695    120.570      8.320       441067 
     1.077    119.235      8.114        87158 
     1.110    120.582      8.319       291799 
     0.919    118.602      8.304       395614 
     0.919    117.599      8.654       546300 
     8.306    118.632      8.302      3168890 
     4.144    118.653      8.302       579025 
     2.174    118.554      8.303       566742 
     2.096    119.650      7.822       514667 
     2.120    119.675      7.861       696991 
     2.067    119.638      7.861       580209 
     2.409    118.537      8.306       327300 
     2.308    118.554      8.304       421056 
     7.838    118.674      8.303       442531 
     7.829    118.094      8.316       411616 
     4.142    119.663      7.822       862320 
     2.246    119.656      7.822      1181488 
     8.319    118.094      8.314      2246468 
     8.311    102.239      7.979       312184 
     8.310    119.733      7.695        82502 
     4.058    118.103      8.312       374103 
     2.077    102.266      7.981       336244 
     1.257    118.082      8.312       234910 
     1.258    102.287      7.979       168630 
     2.337    118.121      8.311       627261 
     2.344    102.249      7.979       137985 
     0.722    119.676      7.818        93748 
     0.730    118.094      8.312       309184 
     7.978    118.085      8.314       253951 
     7.983    102.262      7.981      2606656 
     7.991    119.679      7.695       414445 
     4.059    119.703      7.695       381074 
     4.046    121.709      7.441       101085 
     3.736    102.261      7.980       511125 
     3.734    119.681      7.695       188119 
     7.694    119.683      7.695      4310348 
     4.228    119.687      7.695       583205 
     4.230    113.863      7.662       184829 
     4.239    121.781      7.441        92152 
     2.032    119.676      7.696       812191 
     1.989    113.867      7.661       259123 
     1.735    119.686      7.696       296471 
     1.558    119.695      7.693       745532 
     1.570    113.849      7.660       223616 
     7.667    113.893      7.660      2833742 
     7.668    121.726      7.441       605457 
     5.180    113.852      7.660       314764 
     5.182    121.703      7.440       141955 
     2.404    113.876      7.661       263321 
     1.794    113.859      7.662       368665 
     2.613    119.671      7.694       120386 
     2.609    113.869      7.660       356745 
     2.083    113.863      7.660       495428 
     7.441    113.877      7.661       536636 
     7.442    121.725      7.441      2430826 
     7.441    118.905      8.940       311707 
     3.440    121.730      7.440       315542 
     3.441    118.943      8.942        98437 
     3.440    117.843      7.606       162821 
     3.439    123.523      8.368       101588 
     1.936    121.723      7.441       709567 
     1.970    118.913      8.942      1194648 
     2.054    121.717      7.441       713703 
     0.931    117.315      8.273       171623 
     0.911    118.905      8.941       370528 
     0.915    123.551      8.367       147308 
     8.944    121.722      7.441       328578 
     8.944    118.912      8.942      2439821 
     4.318    118.906      8.940       391899 
     4.351    120.093      7.913       151925 
     1.698    118.906      8.944       148884 
     4.488    117.852      7.610       741991 
     4.492    120.115      7.914       356889 
     4.496    108.801      8.282        83603 
     4.490    115.253      8.344       102276 
     1.848    117.837      7.606       266675 
     3.781    113.845      7.661        87661 
     3.787    121.685      7.441       183209 
     3.816    118.902      8.942       479067 
     3.584    118.889      8.941       393735 
     3.588    117.832      7.606       134202 
     2.326    118.901      8.942       133420 
     2.114    117.883      7.609       153785 
     7.609    117.849      7.607      2508490 
     7.610    123.545      8.366       359430 
     4.090    117.850      7.607       335193 
     4.105    123.523      8.369       142865 
     4.430    117.843      7.608      1017410 
     4.407    123.531      8.366       434697 
     1.163    117.850      7.607       339165 
     1.160    123.542      8.365       455458 
     1.158    120.143      7.914       189639 
     1.165    108.745      8.283       107749 
     1.162    115.246      8.341       101698 
     1.158    119.649      7.861       198389 
     8.363    117.854      7.606       421184 
     8.368    123.545      8.366      1681483 
     8.336    120.096      7.913       748896 
     4.825    117.848      7.609        75954 
     4.817    123.534      8.367       320864 
     4.817    120.065      7.912       202071 
     3.255    123.551      8.365       431307 
     3.251    120.070      7.913       298069 
     3.014    123.540      8.366       432101 
     3.016    120.115      7.916       226378 
     7.249    123.546      8.366       200382 
     7.252    120.107      7.913       140196 
     7.246    108.746      8.283       127961 
     6.624    134.142      9.070       131436 
     7.910    117.876      7.607        90233 
     7.913    123.542      8.366       394319 
     7.911    108.739      8.283       442384 
     7.909    115.226      8.347       121073 
     1.534    123.501      8.366       171094 
     1.520    120.093      7.913      1828369 
     1.524    108.738      8.284       338244 
     8.293    108.730      8.284      2944950 
     3.618    108.722      8.284       628713 
     3.623    115.232      8.343       204797 
     8.342    115.242      8.344      2878314 
     4.740    115.257      8.345       248222 
     4.725    134.142      9.069       711970 
     3.962    115.237      8.345       453378 
     3.813    115.244      8.344       484490 
     3.815    134.192      9.065       107216 
     9.071    134.138      9.069      1683771 
     9.070    113.407      8.341       395038 
     3.948    134.142      9.069       394754 
     2.131    134.146      9.069       484652 
     2.127    113.408      8.341       311230 
     2.106    126.541      7.723       147343 
     1.919    134.143      9.070       502292 
     1.918    113.407      8.341       434854 
     8.344    134.141      9.071       352187 
     8.344    113.419      8.341      3139026 
     8.345    126.542      7.723       460622 
     4.188    113.416      8.341       483725 
     4.186    126.539      7.724       174923 
     3.906    113.422      8.341       548377 
     7.724    113.424      8.341       489854 
     7.725    126.551      7.724      3153712 
     7.726    119.613      7.863       416374 
     1.571    117.846      7.607       340945 
     1.562    115.232      8.344       360243 
     1.581    113.440      8.341       177444 
     1.577    126.553      7.723      1065484 
     1.579    119.673      7.862       675342 
     7.868    126.554      7.724       443248 
     7.864    119.693      7.859      3494969 
     3.923    124.909      8.754       236075 
     2.074    117.908      8.213      1016292 
     1.874    119.657      7.862       629422 
     1.591    117.916      8.213       294167 
     8.231    119.638      7.856       361690 
     8.222    120.635      7.895       481602 
     3.955    118.351      8.614       302993 
     2.450    117.904      8.214       424856 
     2.286    117.912      8.214       479334 
     7.892    120.693      7.898      2655408 
     7.892    124.900      8.752       387652 
     3.990    120.675      7.894       702048 
     3.991     84.629      8.406        78105 
     1.695    120.665      7.892       381953 
     1.707     84.720      8.407        94687 
     3.373     84.688      8.413        95898 
     3.071    120.688      7.896        67242 
     3.065     84.675      8.409       173244 
     8.408     84.669      8.409       353257 
     1.401    120.668      7.892       263445 
     8.751    117.862      8.214        75712 
     8.754    120.679      7.895       403730 
     8.754    124.894      8.753      2175615 
     8.759    118.361      8.614       284432 
     4.031    118.247      8.612       201105 
     2.011    118.367      8.614       460908 
     1.731    124.896      8.753       581211 
     1.638    124.909      8.754       295704 
     0.940    117.839      7.607       245150 
     0.945    124.899      8.753       415199 
     8.610    124.909      8.752       290183 
     8.615    118.353      8.614      2473175 
     8.620    117.272      8.273       389837 
     3.813    118.358      8.615       384646 
     3.814    117.256      8.274       206692 
     1.403    118.307      8.615       144563 
     1.405    117.215      8.272       135141 
     8.243    124.889      8.751       107481 
     8.268    118.354      8.614       376687 
     8.276    117.264      8.273      3456247 
     3.993    120.791      7.822       227191 
     1.923    117.264      8.272      1320906 
     1.920    108.911      8.366       381773 
     1.858    108.898      8.366       407522 
     1.636    108.930      8.366       127643 
     8.356    124.834      8.748        86614 
     8.368    117.264      8.273       442033 
     8.368    108.904      8.366      2813208 
     8.376    123.066      8.226       410217 
     4.038    108.898      8.366       785364 
     4.040    123.064      8.227       253220 
     4.025    121.271      8.403       193662 
     3.833    108.902      8.366       732150 
     3.848    121.281      8.404       126491 
     8.229    123.045      8.227      2529372 
     8.231    120.816      7.821       333198 
     3.687    123.052      8.225       377929 
     3.686    121.803      9.037       267348 
     2.064    117.264      8.273       146646 
     2.071    108.913      8.367       130397 
     2.089    123.056      8.226       771289 
     2.085    120.800      7.821       323878 
     1.695    123.057      8.226       437278 
     1.260    123.057      8.225       339125 
     0.742    102.256      7.981       274109 
     0.743    123.063      8.227       312927 
     0.923    102.262      7.981       427346 
     0.917    120.822      7.819       532636 
     7.823    123.067      8.225       312286 
     7.823    120.823      7.821      2062927 
     7.826    121.278      8.403       415069 
     1.963    120.816      7.820       616206 
     1.961    121.282      8.403       457747 
     1.779    120.814      7.820       450711 
     1.803    121.315      8.404       120211 
     1.187    120.803      7.819       270646 
     1.203    121.290      8.408        89192 
     0.957    121.280      8.403       408720 
     8.401    120.826      7.820       418366 
     8.406    121.274      8.403      2729351 
     8.406    121.797      9.037       423365 
     4.592    121.287      8.403       443616 
     4.593    121.786      9.038       165119 
     4.587    105.380      7.945        96287 
     3.382    121.797      9.038       443176 
     3.360    121.278      8.403       814462 
     9.033    120.810      7.819        82608 
     9.037    121.279      8.403       433351 
     9.038    121.792      9.037      3240579 
     9.042    117.597      8.653       353442 
     3.874    121.793      9.037       455673 
     3.871    117.630      8.655       161516 
     3.886    119.655      8.548        95817 
     1.433    123.058      8.226       101864 
     1.430    121.303      8.404       127402 
     1.429    121.792      9.037      1177451 
     1.433    117.594      8.655       586073 
     8.656    121.789      9.037       372391 
     8.655    117.594      8.654      2597840 
     8.653    105.411      7.948       314083 
     3.694    119.602      8.549       107778 
     2.082    117.609      8.655       486298 
     2.079    105.402      7.948       282452 
     1.897    117.598      8.654       518536 
     1.900    105.400      7.949       231598 
     1.661    117.591      8.656       166606 
     1.612    105.442      7.952        70447 
     1.620    119.643      8.551       102969 
     1.489    105.386      7.946       116276 
     7.952    117.593      8.653       334290 
     7.951    105.411      7.947      2099875 
     7.937    122.748      8.049       332793 
     4.089    105.414      7.948       644629 
     4.089    122.748      8.049       262935 
     3.835    105.404      7.949       515825 
     8.061    105.410      7.948       410928 
     8.050    122.737      8.049      2816471 
     8.050    119.647      8.547       312060 
     4.163    122.741      8.050       431792 
     4.177    119.662      8.554       113080 
     1.348    122.745      8.050       383599 
     1.355    119.628      8.546       183593 
     1.892    122.750      8.049       527798 
     1.899    119.641      8.547       228391 
     1.567    122.742      8.048       453458 
     0.706    121.783      9.038       201859 
     0.723    105.397      7.953        72239 
     0.731    122.756      8.049       222425 
     0.830    122.763      8.050       202626 
     8.552    122.743      8.048       343164 
     8.547    119.651      8.546      2007287 
     8.553    119.173      8.211       248211 
     8.542    120.066      7.902        92006 
     3.494    119.669      8.546       221310 
     3.492    119.130      8.217        78188 
     3.498    118.939      8.050       159343 
     2.119    122.809      8.049       103322 
     2.156    119.662      8.547       449188 
     2.157    119.158      8.213       270838 
     1.050    120.296      8.226       120180 
     1.063    119.134      8.352       279814 
     1.070    120.023      7.649       108511 
     1.065    121.252      8.139       108596 
     1.076    122.697      8.052       119450 
     1.078    119.648      8.547       792322 
     8.206    119.644      8.548       268811 
     8.215    119.164      8.212      1929719 
     3.942    119.166      8.215       258452 
     2.022    119.171      8.214       475060 
     1.643    119.170      8.211       221723 
     3.190    119.176      8.214       128613 
     7.908    119.192      8.212       340369 
     7.898    118.919      8.048       327777 
     4.142    118.969      8.051       198657 
     2.251    118.981      8.050       281664 
     2.495    120.029      7.901       429737 
     8.055    119.026      8.049      2660056 
     3.873    118.991      8.051       383497 
     2.740    118.979      8.051       278619 
     2.737    121.235      8.143       171319 
     8.148    121.314      8.146      2164517 
     8.150    121.587      7.903       438755 
     3.900    121.578      7.902       233206 
     1.713    121.275      8.143       403430 
     1.714    121.584      7.903       328522 
     1.551    119.017      8.054       208392 
     1.634    118.982      8.050       197585 
     0.898    117.617      7.873       113536 
     0.900    120.943      8.066       117921 
     0.891    121.261      8.141       302796 
     0.889    121.525      7.905       219292 
     7.908    121.273      8.143       450634 
     7.906    121.565      7.902      4301112 
     4.171    121.564      7.902       661135 
     1.490    121.567      7.903      1431883 
     1.486    118.267      7.913       574254 
     1.480    114.467      7.967       109432 
     7.917    118.271      7.913      4347097 
     2.352    118.278      7.911       245683 
     2.319    114.500      7.966       125329 
     2.120    118.269      7.913       982511 
     2.116    114.478      7.966       429966 
     7.966    114.517      7.967      3098095 
     4.167    114.474      7.966       607441 
     4.327    114.477      7.966       471604 
     4.322    121.875      8.176       362397 
     1.297    114.473      7.965       362351 
     1.297    121.865      8.176       226836 
     8.180    114.464      7.968       429456 
     8.179    121.877      8.177      4316887 
     4.180    121.876      8.177       975557 
     2.371    121.885      8.176       347078 
     2.379    119.869      8.005       114722 
     2.234    121.891      8.177       292408 
     2.232    119.858      8.001       167568 
     2.073    121.874      8.176      1097084 
     2.074    119.839      8.003       614455 
     8.004    119.827      8.003      5614378 
     4.180    119.827      8.003      1129336 
     1.723    119.835      8.006       319919 
     1.647    119.819      8.004       243272 
     1.888    119.830      8.004      1213354 
     3.211    119.828      8.003       121780 
     8.183    123.333      7.965       213321 
     8.145    123.335      7.966       200703 
     4.688    118.060      8.183       423236 
     4.700    123.330      7.966       346189 
     2.855    112.958      7.657       531129 
     2.855    112.958      7.007       267710 
     2.815    118.052      8.183       521701 
     2.785    112.965      7.658       443430 
     2.797    112.962      7.010       279517 
     2.833    123.363      7.965       203361 
     7.659    112.947      7.658      8593661 
     7.659    112.963      7.007      5505272 
     7.008    112.960      7.658      5884618 
     7.008    112.952      7.007      9829033 
     7.969    123.344      7.967      5966803 
     4.321    123.341      7.966       525735 
     4.320    119.618      8.089       530484 
     1.436    123.343      7.966      1332658 
     1.440    119.577      8.090       350906 
     4.414    119.573      8.089       425607 
     4.424    122.406      7.933       876729 
     1.956    122.412      7.934       176884 
     1.811    119.584      8.088       465056 
     1.808    122.406      7.934       168767 
     7.935    122.412      7.933     27218432 
     4.284    122.563      7.932       503027 
     3.878    122.424      7.932       442009 
