#   w1         w2         w3   Data Height 
#
   115.055     10.998      7.544       114291 
   115.058      7.541      7.543      1203708 
   115.058      0.490      7.543        37786 
   115.079      1.127      7.544       182990 
   115.083      7.037      7.542       243635 
   117.563      1.303      6.676       288235 
   117.566      7.205      6.676       665151 
   117.573      1.375      6.677       283359 
   117.583      6.677      6.676      2890511 
   117.585      0.738      6.669        47999 
   117.587      0.308      6.679        67061 
   118.520      2.515      7.024        54822 
   118.566      1.173      7.035       173220 
   118.577      1.296      7.035       158569 
   118.584      0.965      7.034       171305 
   118.591      7.255      7.035      1310394 
   118.595      2.220      7.034       111640 
   118.604      6.871      7.362        91643 
   118.611      1.064      6.763       123170 
   118.668      1.694      6.779        41288 
   118.701      0.010      7.352        28868 
   118.717      2.550      6.781        60535 
   118.772      6.791      7.019       970378 
   118.795      2.224      6.785       114248 
   118.803      8.074      6.778        48793 
   118.862      0.466      7.372        44660 
   118.927      1.181      7.364       119069 
   118.927      3.831      7.362        33017 
   118.929      7.051      6.783      2695249 
   118.937      7.365      7.367       453405 
   118.938      1.871      7.371        52355 
   119.031      1.686      7.364        52412 
   119.099      2.588      7.351        31950 
   121.291      2.343      6.864        37184 
   121.356      0.464      6.865        31572 
   121.358      1.165      6.860       120290 
   121.361      1.877      6.856       107996 
   121.373      7.357      6.860       140643 
   121.377      7.836      6.852        42575 
   121.379      2.673      6.863        42319 
   124.044      3.188      7.036        48335 
   124.081      2.659      7.036        80691 
   124.093      7.541      7.042       190555 
   124.115      6.865      7.040       146688 
   124.139      7.817      7.043        27176 
   124.142      1.132      7.044        55988 
   124.144      7.381      7.053        52388 
   127.209      2.905      7.278        90134 
   127.234      0.457      7.276       154419 
   127.248     10.996      7.277       142936 
   127.259      1.765      7.276        36175 
   129.139      2.518      6.493        25178 
   129.230      6.813      6.480       157022 
   129.241      1.281      6.465        33177 
   130.241      1.571      6.956        69659 
   130.248      2.007      6.951        40589 
   130.294      0.036      6.953        52140 
   130.353      1.077      6.949       114850 
   130.441      0.563      6.954        74679 
   130.517      6.698      6.952       214869 
   130.836      0.707      7.259        80464 
   130.868      0.474      7.265        71636 
   130.978      1.587      7.260        78156 
   131.131      0.878      6.962        80669 
   131.208      0.860      6.812        49781 
   131.218      4.060      6.956        32896 
   131.233      6.500      6.968        55315 
   131.257      1.283      6.803        56557 
   131.269      6.481      6.807        89783 
   131.272      3.047      6.973        36008 
   131.349      3.619      6.970        29392 
   131.970      8.073      7.198        71040 
   131.972      2.836      7.196       166420 
   131.982      3.083      7.200       175025 
   131.990      4.122      7.264        83928 
   131.996      0.939      7.260       240694 
   132.036      2.167      7.263        61996 
   132.038      3.140      7.241       136714 
   132.087      8.183      7.251        87348 
   132.088      1.297      7.248       194048 
   132.196      3.584      7.207        62544 
   132.240      1.593      6.666        45388 
   132.245      0.317      7.210        96505 
   132.247      6.682      7.205       489100 
   132.250      8.856      7.209        67681 
   132.252      6.955      6.663       290653 
   132.259      4.163      6.657        37395 
   132.271      4.028      6.658        40884 
   132.306      0.464      6.660       145382 
   132.319      1.050      6.663       149965 
   132.353      2.014      6.665        41047 
   132.355      3.141      7.467        70084 
   132.359      2.836      6.655        42806 
   132.382      3.488      6.658        38685 
   132.410      7.465      7.464       847290 
   132.419      3.881      7.476        46948 
   132.426      1.033      7.465       117543 
   132.432      0.870      7.470       108840 
   132.433      7.915      7.476        63052 
   132.436      0.457      7.471        96440 
   132.440      2.727      7.472        51017 
   132.447      1.573      7.466        72611 
   132.469      1.404      7.469        71421 
   133.088      3.046      7.074        27137 
   133.101      4.446      7.056        13753 
   133.110      3.954      7.059        71752 
   133.131      2.555      7.062        89079 
   133.142      3.436      7.063        79792 
   133.143      2.246      7.063        99050 
   133.150      6.789      7.067      1527202 
   133.163      0.909      7.062        45902 