   106.334      3.275      8.907      2796840 
   106.415      2.034      8.928      1827873 
   106.416      8.917      8.915      9917903 
   106.535      4.193      8.925      2730570 
   106.566      4.021      8.920      1046124 
   107.033      0.986      7.933      8112306 
   107.033      2.829      7.930     12405914 
   107.037      3.873      7.930     49021344 
   107.039      4.082      7.930     44876524 
   107.040      1.181      7.929      7426426 
   107.041      7.143      7.930     42979872 
   107.041      4.224      7.925      9709012 
   107.043      2.160      7.939      3054021 
   107.047      4.605      7.930     17233968 
   107.048      2.315      7.929      4116930 
   107.060      1.532      7.929      6314914 
   107.685      2.207      8.324      4318994 
   107.710      0.486      8.323      4993740 
   107.717      8.865      8.324     10880447 
   107.719      1.649      8.326      8063334 
   107.744      4.326      8.323     12868561 
   107.747      3.969      8.325     20226728 
   107.755      4.144      8.327     14558174 
   107.775      1.831      8.330     10196614 
   107.794      8.338      8.334    102294888 
   107.796      1.084      8.333      5881262 
   107.799      7.798      8.330     15731608 
   108.243      3.177      7.286      8507999 
   108.767      2.986      7.652      7388066 
   108.817      4.438      6.826      4790742 
   108.837      2.988      6.847      7163432 
   108.840      7.651      6.845     36961920 
   108.842      6.837      7.654     35571408 
   108.847      2.372      6.849      5537236 
   109.314      4.440      6.826      4915288 
   109.330      4.438      7.170      3125449 
   109.347      3.173      7.164      6480324 
   109.348      6.826      7.161     13945790 
   109.389      2.158      6.835      2918344 
   109.393      3.179      6.841      3582983 
   109.394      7.172      6.825     15334141 
   110.068      4.180      8.445     18593344 
   110.072      7.951      8.444     17312678 
   110.077      8.453      8.445    115384400 
   110.080      3.892      8.445     21371454 
   110.080      4.439      8.444     24776192 
   110.081      1.598      8.445     25953678 
   110.090      1.409      8.445     17580984 
   111.206      7.273      6.992    162707248 
   111.212      6.988      7.270    203549856 
   111.222      2.735      7.271     15266755 
   111.224      2.739      6.991      7983414 
   111.260      8.650      8.453      4557733 
   111.312      0.991      6.972      6586212 
   111.394      3.746      8.450      2864956 
   111.404      8.027      8.444      4668630 
   111.407      1.780      8.443      6395408 
   111.438      3.178      8.448      3014395 
   111.462      1.943      7.293     10064595 
   111.467      4.122      7.293     28254452 
   111.470      8.347      7.292     62768048 
   111.470      4.383      7.292     25878946 
   111.471      1.147      7.292     34341656 
   111.472      0.877      7.293     29125432 
   111.535      0.473      7.297      9457095 
   111.535      1.587      7.298      8688438 
   111.583      2.856      7.515      3479048 
   111.637      7.505      6.705     42073736 
   111.638      2.869      6.708      3168886 
   111.645      6.708      7.509     30668172 
   111.699      2.775      7.607      6827690 
   111.745      0.986      6.973      8493780 
   111.757      2.412      8.630      5982694 
   111.759      2.608      8.628      3483754 
   111.761      2.970      7.609      9752386 
   111.764      2.794      6.970      4925010 
   111.765      2.101      8.634      7653644 
   111.768      0.989      7.607     11676726 
   111.772      1.599      8.627      3336167 
   111.777      2.788      8.633      4502606 
   111.787      4.211      7.602      3732254 
   111.790      2.969      6.976      6355095 
   111.795      7.869      8.635      8509379 
   111.802      7.616      6.975     57632412 
   111.814      6.974      7.612     69027256 
   111.823      4.259      8.641      1089733 
   112.170      0.987      8.155      7225824 
   112.186      7.783      8.157      6392770 
   112.188      4.183      8.154     28279036 
   112.188      4.448      8.151      8180467 
   112.190      3.736      8.152     10237257 
   112.190      4.007      8.153     49276836 
   112.190      7.020      8.151      4530702 
   112.194      2.217      8.154     24184546 
   112.194      6.759      8.155     15238096 
   112.196      9.154      8.152     15425845 
   112.197      2.390      8.151      7861002 
   112.211      0.804      8.147      4759266 
   112.369      2.861      7.646      8530210 
   112.378      4.247      8.088     11432468 
   112.378      4.572      8.085      4299744 
   112.386      8.357      8.087     19113822 
   112.388      1.611      8.085     16184223 
   112.390      1.182      7.053      2920180 
   112.391      7.645      6.981     56281064 
   112.395      1.403      8.085     18023540 
   112.396      1.000      8.086     15020504 
   112.397      0.613      8.085      8505868 
   112.398      2.863      6.981      9913075 
   112.405      2.190      7.050      9341302 
   112.407      0.382      8.082      9647620 
   112.409      6.977      7.647     63650096 
   112.419      2.204      6.710     17850908 
   112.427      3.992      6.713      4792381 
   112.429      7.047      6.712    194356208 
   112.430      1.176      6.722      3263250 
   112.431      6.713      7.050    144956960 
   112.434      3.983      7.050      3137280 
   112.443      2.301      6.711     11372802 
   112.443      2.296      7.050      7149586 
   113.083      3.006      7.170      6129354 
   113.095      7.175      7.831     73940072 
   113.095      4.200      7.172      3369020 
   113.096      3.002      7.829      6888521 
   113.096      7.834      7.169     81694680 
   113.101      4.226      7.835      3116454 
   113.197      2.932      7.267      3941646 
   113.255      2.961      7.530     10054400 
   113.256      7.535      7.269     42010868 
   113.274      7.270      7.531     48525968 
   113.456      1.306      8.639      4683368 
   113.493      8.860      8.636      9305251 
   113.503      4.425      8.640      6740713 
   113.524      2.753      8.641     13807146 
   113.524      3.303      8.639      5362202 
   113.527      3.183      8.640     11877359 
   113.537      3.546      8.639     10034739 
   113.539      8.644      8.642     53951128 
   113.572      4.999      8.018      5617818 
   113.599      8.456      8.019      5961384 
   113.611      2.854      8.018      9326620 
   113.611      8.915      8.306      6176696 
   113.623      2.071      8.303     31159758 
   113.627      0.987      8.303     27451674 
   113.628      8.303      8.303    200789104 
   113.629      3.883      8.303     57698520 
   113.630      8.697      8.303     19618816 
   113.630      1.138      8.303     15669497 
   113.632      7.818      8.302     20733468 
   113.632      4.223      8.302     25299118 
   113.634      7.198      8.015      7540761 
   113.636      4.349      8.303     15540392 
   113.641      3.717      8.303      8237100 
   113.989      0.846      8.160      5487935 
   114.003      1.135      8.164      6823918 
   114.019      4.749      8.163      5229576 
   114.041      2.016      8.170     11288656 
   114.044      7.170      8.165     11115254 
   114.044      3.674      8.176      3496088 
   114.049      4.428      8.168      5679938 
   114.067      2.690      8.169      6940664 
   114.077      2.974      8.171      3883465 
   114.354      2.666      8.315      4217018 
   114.359      8.556      8.321      7397366 
   114.362      2.128      8.316     12870275 
   114.365      0.927      8.320      3492889 
   114.367      1.626      8.316     15764451 
   114.367      3.272      8.316     10003591 
   114.374      4.110      8.316     52683380 
   114.382      7.298      8.317     27099828 
   114.383      4.740      8.316      9830830 
   114.386      1.142      8.319      6168270 
   114.555      1.471      7.142      6037824 
   114.591      2.834      7.145     11350533 
   114.593      4.071      7.144     27020568 
   114.594      8.567      7.142      9499971 
   114.595      4.252      7.143     35814064 
   114.595      2.309      7.144     34757000 
   114.598      0.992      7.143     80188856 
   114.598      7.933      7.143     51559584 
   114.599      1.180      7.144     71932344 
   114.601      3.873      7.144     20419346 
   114.602      2.182      7.142      7852288 
   114.917      2.677      7.307     30425084 
   114.923      8.560      7.306     24609274 
   114.923      4.744      7.306     20601950 
   114.925      7.050      7.302      5656136 
   114.928      2.178      7.306     13658049 
   114.930      2.318      7.306     15483208 
   114.930      1.149      7.304      7079164 
   114.932      3.204      7.305     19638028 
   114.934      4.108      7.306     17238556 
   114.935      7.850      7.306     17391206 
   114.937      8.318      7.305     34435748 
   114.940      7.673      7.306     10944519 
   114.980      8.772      9.022      2653279 
   114.993      1.594      9.023      9562358 
   115.005      4.257      9.022      4345490 
   115.007      7.618      9.019      7185812 
   115.009      4.441      9.022     10345534 
   115.010      9.021      9.023     14323804 
   115.012      2.862      9.023     16614509 
   115.035      1.859      9.020      7322204 
   115.037      3.810      9.016      2857984 
   115.122      2.322      7.843      2734787 
   115.138      7.291      7.858      4436780 
   115.147      2.312      7.686      4900821 
   115.149      1.149      7.853      6364863 
   115.168      2.669      7.852      4714946 
   115.207      3.207      7.671      4231637 
   115.209      2.674      7.670      5992554 
   115.221      7.296      7.675      5950586 
   115.236      1.154      7.674     14914751 
   115.252      7.854      7.673     48145652 
   115.259      7.677      7.853     21246800 
   115.263      1.891      7.674      4001122 
   115.298      3.191      7.862      3102373 
   115.404      2.595      8.055      7362296 
   115.415      8.057      8.055     53977988 
   115.417      1.895      8.055      7193874 
   115.418      2.535      8.051      7446796 
   115.418      7.739      8.052      9105421 
   115.426      2.147      8.050      7382692 
   115.428      9.035      8.058      6854920 
   115.430      1.092      8.054     14701879 
   115.432      4.038      8.055      7833517 
   115.569      4.949      7.199     10351502 
   115.597      2.967      7.203     14621048 
   115.601      3.688      7.201     14939253 
   115.601      8.154      7.200     13635395 
   115.602      4.449      7.201     12187548 
   115.613      7.994      7.200     15037892 
   115.663      2.850      7.202     16093168 
   115.722      0.728      7.238     11803772 
   115.726      1.563      7.244     11932385 
   115.729      2.245      7.245      5521228 
   115.730      7.236      7.237    226206192 
   115.731      4.478      7.232     11049149 
   115.734      3.916      7.239     22734882 
   115.737      1.664      7.238     11784616 
   115.740      1.408      7.240     53425564 
   115.740      7.083      7.240     49601664 
   115.742      0.914      7.240     11968645 
   115.765      4.232      7.245      5375214 
   115.873      2.265      8.280      5677210 
   115.954      4.123      8.276     10745722 
   115.968      1.783      8.273      8439914 
   115.972      1.422      8.278     33510538 
   115.972      2.379      8.279      6192945 
   115.985      2.048      8.279      9133933 
   115.987      0.972      8.275      6878654 
   115.997      7.786      8.277      8480394 
   116.051      3.886      8.279      4471358 
   116.133      2.732      7.925      9886914 
   116.136      0.592      7.923      6695788 
   116.146      7.676      7.927     11746212 
   116.148      3.165      7.928     15802895 
   116.150      3.903      7.927     14357028 
   116.160      1.570      7.925     11794810 
   116.161      8.910      7.928     12844997 
   116.167      1.923      7.926      4252292 
   116.168      7.485      7.928     14030644 
   116.172      0.059      7.931      8132064 
   116.226      2.296      7.624     12957695 
   116.237      4.454      7.625     19931730 
   116.238      8.693      7.626      8979755 
   116.240      2.461      7.623     20358454 
   116.247      3.047      7.628      7419249 
   116.247      2.968      7.628      5836409 
   116.250      2.050      7.625     19283532 
   116.260      3.876      7.631      4132544 
   116.263      4.195      7.629      5304611 
   116.296      4.996      8.705      1689129 
   116.304      4.813      8.706      5704440 
   116.309      2.926      8.713      1621892 
   116.328      8.711      8.710     38890796 
   116.380      3.988      8.703      2348075 
   116.388      4.378      8.711      1837708 
   116.500      7.944      7.794      6334088 
   116.534      3.941      7.785      4364512 
   116.545      0.959      7.790     16366813 
   116.545      1.424      7.791     23438198 
   116.546      1.582      7.792     15251933 
   116.546      2.559      7.792     19745752 
   116.547      7.791      7.792    171018480 
   116.548      2.974      7.791     25011876 
   116.549      4.448      7.792     22076778 
   116.552      9.165      7.791     12644640 
   116.554      1.821      7.791      9136126 
   116.554      7.019      7.793     26537966 
   116.557      8.269      7.793     13290547 
   116.563      4.091      7.794      8181352 
   116.567      7.789      7.014     18008002 
   116.576      0.820      7.015     16414851 
   116.586      9.153      7.014     15783254 
   116.593      1.587      7.014     13951909 
   116.597      2.199      7.795      3975992 
   116.598      3.760      7.018      7714648 
   116.604      2.979      7.016      6783122 
   116.611      1.851      7.017     12934805 
   116.621      8.151      7.014      3576150 
   116.623      0.984      7.027     14048838 
   116.661      4.438      7.021      9552825 
   116.728      1.421      7.018      5711950 
   116.827      2.572      7.057     20035304 
   116.827      3.448      7.059     13242211 
   116.835      4.489      7.058     18815762 
   116.891      6.828      7.062      9462430 
   116.922      2.218      7.494      3934612 
   116.994      0.789      7.492      2818351 
   117.013      2.389      7.500      5192716 
   117.017      1.032      8.275      3832524 
   117.031      0.639      8.372      7437520 
   117.033      3.718      8.693      4662055 
   117.039      2.363      8.267      4545264 
   117.040      4.447      8.690      8584178 
   117.041      2.195      8.693      7540776 
   117.044      8.026      8.373     12381107 
   117.044      8.262      7.497     23172166 
   117.046      3.920      7.072     13622038 
   117.046      2.960      8.692      9233125 
   117.046      3.040      8.694     10406729 
   117.047      2.112      8.375     11430442 
   117.047      1.875      8.375     27137880 
   117.048      1.656      8.377     16971214 
   117.048      7.625      8.384      4204168 
   117.049      1.371      8.376     14780678 
   117.049      3.775      8.376     18774450 
   117.050      7.498      8.267     22654252 
   117.051      4.261      8.370      3574209 
   117.052      0.988      8.379      9625650 
   117.052      1.033      7.494      4885341 
   117.056      7.490      8.373     18487912 
   117.058      4.434      8.374      7733348 
   117.060      7.732      8.689      7744434 
   117.062      1.012      8.692      4648832 
   117.066      3.721      7.498      3066142 
   117.067      4.206      8.692      2768094 
   117.104      4.231      7.074     22308854 
   117.108      2.246      7.075     31698616 
   117.123      1.413      7.074     16960222 
   117.125      7.233      7.076     40952064 
   117.170      4.066      7.137     18573060 
   117.175      0.658      8.928      4427344 
   117.179      0.725      8.926      4308961 
   117.183      2.710      7.139      3582216 
   117.185      3.362      7.140     10595491 
   117.186      2.090      8.928     10080515 
   117.190      8.045      8.923     14346543 
   117.191      1.403      8.929      7484249 
   117.194      8.293      8.925     15208656 
   117.198      4.205      8.925      8476718 
   117.200      1.604      8.924     11735514 
   117.202      0.853      7.140      4541829 
   117.204      4.438      8.924     15757285 
   117.207      3.003      8.926     27540380 
   117.208      8.150      7.141     18818606 
   117.209      0.977      7.140      5317194 
   117.212      3.890      7.138     20082416 
   117.217      2.011      7.139      9063263 
   117.223      0.987      8.926      3106346 
   117.225      3.738      8.923      5970542 
   117.238      3.906      7.062      7097526 
   117.312      4.731      7.139     14643963 
   117.383      1.131      7.141      2958338 
   117.515      0.900      7.541      7242569 
   117.537      4.455      7.543     14180696 
   117.553      2.041      7.541      5795995 
   117.555      4.195      7.542     26106280 
   117.555      7.547      7.541    131486184 
   117.561      8.871      7.541      5001819 
   117.563      1.076      7.542     12612066 
   117.566      2.282      7.534      3704216 
   117.579      1.872      8.207     33786920 
   117.580      3.972      8.207     63391936 
   117.583      7.766      8.207     47371732 
   117.584      4.222      8.207     26852906 
   117.588      1.524      8.208     11003061 
   117.588      8.436      8.205      5363288 
   117.592      1.230      8.209      6574645 
   117.600      2.464      7.538      5504190 
   117.622      4.195      8.865     10433607 
   117.624      2.965      8.864     31566624 
   117.626      2.775      8.863     22484502 
   117.626      4.431      8.863     14165005 
   117.626      3.699      8.866      5536097 
   117.629      1.555      8.866     13605725 
   117.632      0.964      8.863     15171448 
   117.635      1.944      8.865     16471023 
   117.641      7.834      8.863     23217126 
   117.653      3.968      8.869      4745058 
   117.688      4.602      7.862     37796768 
   117.690      2.835      7.863     64158828 
   117.690      1.525      7.863     40224784 
   117.690      8.007      7.864     43656484 
   117.698      4.200      7.863     21098800 
   117.698      4.050      7.863     20685642 
   117.726      1.177      7.861      5452220 
   117.727      7.138      7.864      6319882 
   117.795      2.093      7.775     10565388 
   117.800      9.033      7.772     12851296 
   117.809      7.228      7.771      4262618 
   117.813      8.866      7.771     20436866 
   117.817      4.562      7.773     15095557 
   117.817      4.108      7.770      8464054 
   117.820      2.946      7.771     44731768 
   117.823      7.768      7.770    121288912 
   117.825      1.726      7.769      5662268 
   117.827      3.918      7.772      5287546 
   117.827      1.961      7.771      6866400 
   117.876      7.549      7.773      4139610 
   118.045      4.439      8.343      7886330 
   118.055      1.899      8.344     16198374 
   118.061      7.675      8.345      9193968 
   118.071      3.888      8.341     19670454 
   118.075      2.743      8.341     15192046 
   118.075      7.253      8.339      3472720 
   118.076      2.407      8.341     12897302 
   118.078      2.140      8.341     11018730 
   118.082      3.731      8.344      7098891 
   118.082      4.172      8.343      8196474 
   118.093      7.941      8.341      3197108 
   118.153      1.577      8.343      5298817 
   118.439      4.435      7.831      5831648 
   118.462      8.874      7.834     20592150 
   118.469      2.967      7.833     15672595 
   118.472      4.115      7.833     17963996 
   118.476      3.828      7.834     26241134 
   118.477      3.609      7.837     15041579 
   118.486      8.186      7.835     20847042 
   118.491      0.957      7.830      3921958 
   118.505      2.772      7.837     11786576 
   118.547      3.174      8.898     16430753 
   118.549      6.824      8.899      4574025 
   118.551      7.728      8.899     20122076 
   118.551      7.491      8.896      6309511 
   118.552      7.184      8.899      3849490 
   118.553      1.657      8.898     11741637 
   118.557      3.899      8.898     33255432 
   118.558      1.804      8.898     23527236 
   118.559      0.483      8.899      4049369 
   118.560      1.942      8.898     50942192 
   118.568      7.935      8.898     17008890 
   118.570      0.621      8.897      4938200 
   118.591      2.735      8.901      7647437 
   118.706      8.910      8.560      6849066 
   118.720      7.831      8.564      4013726 
   118.735      7.139      8.565      8179606 
   118.735      4.384      8.558     31635734 
   118.738      1.178      8.562     23565720 
   118.738      2.309      8.561     41570732 
   118.741      0.992      8.563     20985308 
   118.741      1.978      8.562     10246122 
   118.741      4.260      8.561     71772760 
   118.741      8.695      8.560     16684545 
   118.747      4.090      8.561     27937062 
   118.791      4.634      9.172     12895514 
   118.796      2.218      9.174     14705740 
   118.798      4.432      9.174     51948440 
   118.798      9.170      9.174    151155488 
   118.801      3.978      9.174     36002948 
   118.801      4.026      9.176     24476388 
   118.802      1.846      9.174     14295894 
   118.805      1.552      9.173     11864740 
   118.807      2.577      9.175      7184210 
   118.815      2.004      9.176      9497666 
   118.864      7.877      9.173      4056924 
   119.136      2.999      8.300     10471922 
   119.143      7.949      8.299     17686388 
   119.145      1.311      8.297     12158033 
   119.148      2.936      8.298     11406715 
   119.159      8.927      8.298     13284002 
   119.164      3.731      8.299     13740221 
   119.202      8.200      7.807      7478170 
   119.216      3.131      8.293      7511726 
   119.245      8.281      8.288    114756768 
   119.283      1.882      7.810     17510806 
   119.290      3.600      8.183     12933970 
   119.290      4.131      8.184     16784046 
   119.290      4.599      8.183     17244220 
   119.292      7.831      8.184     26483640 
   119.293      7.267      8.184     11475456 
   119.294      3.830      8.184     18621394 
   119.298      3.193      8.184     26164768 
   119.306      8.873      8.179      6708804 
   119.307      0.937      8.186      9556166 
   119.307      2.948      8.179      4753605 
   119.308      9.034      8.184     13840355 
   119.312      4.414      8.278     32499790 
   119.328      1.914      9.039     11078451 
   119.330      2.975      8.347      5559483 
   119.330      2.975      8.347      5559483 
   119.331      2.952      9.039      5465386 
   119.331      1.566      8.277     13917295 
   119.333      3.905      9.041     10452081 
   119.333      7.777      9.041     12232307 
   119.334      4.439      9.039      8382254 
   119.335      3.200      9.041      9855974 
   119.335      2.065      9.037     11964929 
   119.343      8.183      9.041     14978576 
   119.347      1.745      9.041     16611147 
   119.350      0.900      9.041     13045835 
   119.354      1.293      9.038      8453206 
   119.356      7.230      8.859     14794781 
   119.360      4.590      9.038      4604766 
   119.367      4.908      8.857     10039714 
   119.371      4.590      8.859      9373999 
   119.372      3.583      8.855     11773916 
   119.373      4.203      8.349      6657302 
   119.376      3.316      8.858      9880004 
   119.378      2.955      8.857     19668988 
   119.379      4.076      7.809     10011120 
   119.389      3.750      8.351      9609726 
   119.389      2.779      9.041      3691241 
   119.393      1.078      8.268     11343614 
   119.395      0.872      8.273     10495192 
   119.395      2.614      8.270     10310797 
   119.401      7.772      8.857     13970221 
   119.408      8.629      8.856      9045512 
   119.415      1.952      8.271     12829381 
   119.418      4.940      8.268     11464639 
   119.425      7.236      8.270     27891826 
   119.426      7.211      8.336      5501660 
   119.440      2.754      8.272      9214818 
   119.518      7.748      6.754     19183508 
   119.520      0.976      6.753     26325880 
   119.523      1.546      6.754      5242830 
   119.523      6.755      6.754     90919016 
   119.524      3.998      6.757     16851316 
   119.526      1.989      6.754     31713376 
   119.528      8.150      6.755     15171001 
   119.530      3.874      6.753     15711252 
   119.531      1.232      6.755     16066770 
   119.533      4.182      6.757      7560416 
   119.547      2.177      6.759      6426360 
   119.550      3.750      6.756      9636570 
   119.557      1.628      7.797      6141479 
   119.617      8.861      7.800      2983162 
   119.621      4.568      7.800     20927070 
   119.621      2.215      7.800     49773768 
   119.623      2.574      7.799     11987868 
   119.626      4.327      7.797      8738849 
   119.626      7.092      7.800     43238192 
   119.626      8.329      7.800     18059032 
   119.631      1.055      7.797      8317336 
   119.632      0.615      7.233     17210366 
   119.641      4.942      7.232     20077082 
   119.642      3.995      7.798     17641570 
   119.644      4.698      7.233     22144756 
   119.645      1.067      7.231     19913898 
   119.646      1.213      7.232     26002748 
   119.647      8.266      7.231     40858884 
   119.648      3.522      7.677      4394916 
   119.651      0.491      7.233      7298796 
   119.651      0.874      7.233     33839020 
   119.651      1.565      7.232     22521778 
   119.651      7.233      7.232    254000784 
   119.655      2.846      7.232     22122470 
   119.656      1.946      7.234     15115585 
   119.659      3.100      7.233     17090950 
   119.661      4.397      7.232     13309928 
   119.663      4.135      7.234      5376814 
   119.665      8.065      7.237      7687124 
   119.675      2.623      7.234      7174880 
   119.676      0.950      7.683     28169234 
   119.677      1.407      8.036      8656399 
   119.678      0.324      8.029      5245352 
   119.680      7.688      7.683    231386160 
   119.680      0.646      8.051     18876658 
   119.681      2.140      7.684     63412312 
   119.684      2.862      8.056     13107287 
   119.685      1.873      7.685      7042658 
   119.686      0.540      7.684      5207358 
   119.686      2.296      7.682     18445128 
   119.686      4.498      8.060     14344776 
   119.687      4.046      7.683     46076252 
   119.689      0.962      7.797      7558790 
   119.689      8.927      8.038     12000829 
   119.691      8.040      7.684     41421608 
   119.693      3.635      8.039     13703896 
   119.693      2.098      8.051     25722626 
   119.695      1.585      7.684     18203400 
   119.695      4.700      8.062     58058808 
   119.698      3.772      8.036      8605940 
   119.704      8.243      8.040     17865074 
   119.704      7.213      8.061     17733510 
   119.704      8.939      7.237      3004362 
   119.707      3.158      8.060     24327776 
   119.711      8.199      7.683      6384995 
   119.716      0.376      7.685      3668422 
   119.803      1.026      7.617      5582292 
   119.820      0.948      7.623      5541270 
   119.825      7.158      8.001      5549326 
   119.834      3.791      7.618      7850004 
   119.834      4.039      7.619     23906482 
   119.834      9.018      7.619      7279600 
   119.835      2.861      7.619     17200362 
   119.835      7.624      7.619    165635904 
   119.840      4.291      7.617     37502556 
   119.842      7.636      8.001      5718288 
   119.842      1.600      7.618     32038458 
   119.847      0.767      8.003     11316896 
   119.847      1.286      7.617     19367836 
   119.848      1.767      7.617     11173790 
   119.851      4.427      7.616     10746081 
   119.855      8.379      7.615      5866616 
   119.869      4.730      8.001     43141512 
   119.876      1.603      8.000     83684048 
   119.878      1.858      7.993      3918406 
   119.881      1.080      8.000     24234326 
   119.881      4.269      7.998     20745756 
   120.040      3.540      7.762      7627062 
   120.046      3.040      8.331      4037647 
   120.058      4.020      7.763     25315170 
   120.065      0.537      7.763     19294812 
   120.065      4.246      8.326      5418621 
   120.071      0.377      7.763     13533538 
   120.076      8.202      7.762     22740594 
   120.096      1.594      7.762     26043646 
   120.106      4.198      7.764     11805352 
   120.116      1.877      7.763      9305752 
   120.125      4.587      8.321      6143966 
   120.171      1.285      7.755     12119833 
   120.190      0.980      7.756     22111698 
   120.191      2.311      7.925      5944942 
   120.209      2.172      7.755     20406668 
   120.216      4.371      7.929      9918033 
   120.219      8.686      7.750      8974428 
   120.220      1.454      7.929     26833308 
   120.223      0.918      7.929     23947962 
   120.227      1.198      7.929     24545030 
   120.228      4.201      7.928     93785552 
   120.229      2.012      7.755     16328439 
   120.230      1.855      7.929     85936984 
   120.230      7.938      7.929    465284736 
   120.234      8.386      7.929     24723140 
   120.237      0.697      7.749     10181964 
   120.239      6.760      7.753      9461679 
   120.246      3.725      7.753     14537818 
   120.355      4.796      7.630      7146811 
   120.430      3.287      7.639      3777369 
   120.434      8.920      7.639      4009890 
   120.452      4.118      7.631      4609507 
   120.465      7.202      7.630      5240444 
   120.482      2.770      7.631      7318858 
   120.543      2.291      7.632      3657014 
   120.606      9.168      7.093      5921106 
   120.607      0.755      6.998     15458396 
   120.611      4.047      6.996     16706762 
   120.612      2.566      7.173      7603943 
   120.612      1.147      8.349     61780252 
   120.613      1.955      6.997     35548240 
   120.613      6.999      6.997    158738112 
   120.615      0.992      6.998     35755612 
   120.617      0.472      8.351      9475989 
   120.617      7.291      8.349     55454364 
   120.617      4.333      8.348     38303576 
   120.620      3.843      7.162      5740092 
   120.621      2.195      7.094     36018068 
   120.623      7.799      7.093     51339656 
   120.623      2.027      7.093     41328884 
   120.623      4.488      6.997     16344934 
   120.624      1.034      7.095     34603044 
   120.625      0.966      7.094     31320976 
   120.627      4.123      8.352     24823386 
   120.630      8.332      7.090      3868568 
   120.635      4.041      7.094     20303756 
   120.637      3.900      6.998      7238036 
   120.642      2.792      7.182      6920207 
   120.643      4.546      7.099     14037811 
   120.645      2.284      7.178      5811386 
   120.646      4.198      7.156      5879824 
   120.652      0.903      7.154     18143318 
   120.655      1.074      7.153     32880416 
   120.657      7.643      7.188      7032290 
   120.658      1.824      7.155     12689741 
   120.659      1.630      7.154     14702737 
   120.659      1.279      7.154     14647192 
   120.661      4.494      7.154     48758284 
   120.662      8.868      7.160      7820485 
   120.663      1.504      7.154     17929372 
   120.664      4.737      7.154     16145798 
   120.665      2.957      7.175      7965322 
   120.671      9.034      7.178      8195320 
   120.673      0.803      7.155      8193850 
   120.694      8.015      7.151      5974822 
   120.818      4.379      8.379     66613868 
   120.837      4.199      8.378     29092346 
   120.841      7.928      8.379      7665246 
   120.873      1.875      8.764      5075212 
   120.873      1.965      8.764      8554081 
   120.877      8.897      8.756      9069673 
   120.879      4.463      8.759     39733432 
   120.882      2.911      8.758     21031772 
   120.885      1.834      8.381     44595968 
   120.891      4.805      8.760     54949840 
   120.902      1.705      8.757      5723574 
   120.935      4.051      7.951     14653447 
   120.938      0.848      7.948      6908534 
   120.943      4.437      7.948     20376098 
   120.947      1.138      7.948     14250749 
   120.949      8.438      7.947     16999596 
   120.953      1.598      7.948     44901584 
   120.954      8.308      7.948     21589876 
   120.955      2.072      8.391     13051411 
   120.961      2.302      8.392     23054476 
   121.003      3.884      7.951      3763558 
   121.012      4.052      8.397      8702862 
   121.036      0.971      8.397     12562373 
   121.036      7.785      8.395      8468186 
   121.055      3.549      8.399     11569393 
   121.083      6.980      8.399      7348922 
   121.087      1.245      8.400     10150222 
   121.122      3.029      8.394      7080230 
   121.134      1.585      9.151      3492340 
   121.134      4.037      8.013      4998291 
   121.142      1.309      8.015     15353218 
   121.144      1.002      8.017     16462701 
   121.148      1.771      8.019     24008248 
   121.149      4.288      8.018     12637962 
   121.150      0.988      9.152      9445539 
   121.150      7.624      8.018     17073550 
   121.152      8.378      8.018     11905095 
   121.154      3.800      8.018     17067764 
   121.156      3.737      9.154     11351348 
   121.156      4.136      9.157      7805688 
   121.164      1.601      8.014      9073419 
   121.166      0.796      9.150      8770797 
   121.167      2.115      8.018     12810770 
   121.168      2.220      9.152     20629480 
   121.170      9.152      9.153     42494512 
   121.175      1.849      9.152      8969672 
   121.183      1.426      9.147      3954532 
   121.183      7.017      9.153     15820078 
   121.188      8.153      9.150      9444215 
   121.188      0.887      8.391     20301608 
   121.209      7.784      9.169      3284112 
   121.212      3.963      9.156      3508654 
   121.234      2.214      8.390     21829704 
   121.241      1.538      8.389     23990326 
   121.246      1.887      8.388     60342036 
   121.268      2.866      9.360      3739612 
   121.271      3.998      9.366      4713520 
   121.276      4.281      8.387    115465872 
   121.276      4.230      8.382     85637656 
   121.382      4.366      9.371      3635362 
   121.394      1.835      8.764     11783449 
   121.420      1.594      8.770     21162124 
   121.432      4.260      8.770     22731422 
   121.437      1.946      8.768     17168408 
   121.457      3.798      8.766      7036606 
   121.492      3.517      9.373      3863134 
   121.511      4.260      7.873      3628541 
   121.551      1.056      7.877      4830706 
   121.564      1.558      7.874     15696028 
   121.568      4.427      7.869      8305274 
   121.571      8.632      7.871     10141827 
   121.585      7.880      7.874     82098920 
   121.598      1.996      7.871     13649855 
   121.613      4.972      9.375      5547746 
   121.626      1.849      7.874      9407168 
   121.670      8.371      7.865      2476668 
   121.848      4.275      8.251     63825560 
   121.912      0.473      7.736      7523318 
   121.919      1.185      7.731     18498276 
   121.919      8.909      7.731     21692582 
   121.921      3.902      7.731     12380150 
   121.924      1.811      7.732     35636804 
   121.927      4.292      7.730     21503562 
   121.927      7.732      7.731    158011936 
   121.928      1.920      7.732     28802798 
   121.928      3.209      7.732      9479765 
   121.929      2.346      7.731     33045604 
   121.929      7.611      7.732     31000796 
   121.935      1.858      8.251      8312808 
   121.939      4.371      8.251    152234032 
   121.940      1.394      8.251     56388100 
   121.941      0.897      8.250     27328708 
   121.942      1.596      8.251    136725968 
   122.081      0.046      7.744      3057512 
   122.109      8.291      8.692     18009222 
   122.125      3.699      8.919     12037221 
   122.128      7.818      8.919     22160114 
   122.136      1.542      8.921     30200776 
   122.137      0.989      8.693     20540930 
   122.138      2.071      8.692     38667248 
   122.140      1.132      8.693     48912172 
   122.140      4.093      8.692     13132075 
   122.142      3.709      8.693     17670856 
   122.142      4.384      8.692     55321268 
   122.143      1.152      8.920     12789697 
   122.146      2.196      8.920     17590490 
   122.147      8.697      8.692    127449672 
   122.155      0.966      8.920     35540088 
   122.198      8.920      8.919    153940688 
   122.240      4.133      8.918     21645250 
   122.240      2.289      8.921      7558487 
   122.249      1.921      8.918     29587476 
   122.290      3.912      8.917     10557826 
   122.320      2.721      8.918      4990724 
   122.320      2.721      8.918      4990724 
   122.346      1.704      8.915     15966396 
   122.360      7.290      8.916      5882836 
   122.368      8.559      8.912     14543011 
   122.383      0.477      8.912     15951733 
   122.389      7.598      8.913     13006486 
   122.397      0.615      8.915     19579524 
   122.497      2.756      7.676      4459847 
   122.504      6.987      7.680      4132588 
   122.511      0.060      7.674      9766086 
   122.512      8.348      7.670     10385717 
   122.517      0.891      7.670     12338853 
   122.517      3.215      7.672     11706517 
   122.523      7.937      7.672     12628371 
   122.524      1.572      7.672     18901478 
   122.526      1.900      7.673      7318895 
   122.532      3.889      7.674      7165378 
   122.533      0.227      7.672      7812388 
   122.538      2.131      7.673      3914741 
   122.542      0.589      7.674     12588762 
   122.659      1.322      7.744      6060859 
   122.673      1.130      7.735      4820845 
   122.694      4.200      8.248      5487814 
   122.699      1.700      7.746     18758020 
   122.699      1.700      7.746     18758020 
   122.709      3.898      7.747     13146606 
   122.740      8.047      8.251     11357531 
   122.762      0.741      8.253     13755215 
   122.763      0.330      8.252     18102828 
   122.763      1.705      8.251     18421248 
   122.770      3.134      8.250     10871390 
   122.772      1.410      8.251     30144210 
   122.775      7.487      8.250     16734263 
   122.789      3.798      8.251      7382158 
   122.815      4.437      7.483      5222808 
   122.851      1.879      7.485     21123142 
   122.854      1.414      7.484     63978928 
   122.854      8.378      7.484     19776412 
   122.859      4.042      7.483     12422449 
   122.860      3.770      7.484      8115115 
   122.860      4.213      7.483     19750348 
   122.862      8.256      7.483     21101082 
   122.889      3.965      7.818     20467852 
   122.889      3.900      7.818     22249658 
   122.896      1.980      7.820     23987208 
   122.897      8.304      7.820     18902108 
   122.900      8.921      7.818     25414412 
   122.900      2.197      7.820     40503592 
   122.906      4.227      7.817     10336966 
   122.906      0.984      7.818     10806524 
   122.936      8.036      7.487      7275828 
   122.947      1.545      7.812      7453165 
   123.029      2.852      8.029      6299482 
   123.041      2.298      8.033     13284758 
   123.045      2.150      8.033     42389140 
   123.048      1.524      8.033     92900088 
   123.049      4.204      8.033     48961108 
   123.050      7.872      8.033     40567344 
   123.052      4.044      8.033     25068966 
   123.053      0.957      8.032      7898942 
   123.071      4.347      8.251      3026738 
   123.143      2.181      8.555     24370114 
   123.148      1.870      8.556     17478450 
   123.148      8.920      8.557     17936930 
   123.149      2.466      8.554     20407424 
   123.157      7.298      8.557     21581980 
   123.158      2.316      8.557     39109900 
   123.160      4.109      8.556     25923772 
   123.165      0.931      8.555     15771085 
   123.165      4.282      8.562      7042876 
   123.167      3.916      8.561      6474255 
   123.170      1.699      8.559      6182922 
   123.179      1.161      8.557      5555926 
   123.192      0.601      8.553      7659534 
   123.198      3.195      8.548      3800036 
   123.376      4.290      7.593      7533509 
   123.387      0.888      7.590      4857456 
   123.393      2.347      7.591     20064254 
   123.394      1.172      7.592     11036596 
   123.398      7.735      7.594     30102296 
   123.400      1.824      7.593     14581934 
   123.400      7.595      7.592    174777168 
   123.401      0.472      7.593     55943512 
   123.401      2.714      7.593     17336616 
   123.402      8.918      7.594     18563740 
   123.403      3.900      7.594     11892971 
   123.409      3.208      7.595      4289517 
   123.437      1.706      8.745     10874547 
   123.438      4.085      8.751     10164272 
   123.441      6.976      8.744      6472784 
   123.441      3.624      8.745     13091414 
   123.446      8.405      8.747      8691253 
   123.446      1.220      8.743      9297826 
   123.451      3.044      8.748      9853663 
   123.459      7.740      8.749     10259269 
   123.481      3.921      8.746      5906809 
   124.087      0.634      8.693      7327513 
   124.125      0.986      8.696     10733307 
   124.125      2.058      8.695     23129908 
   124.133      1.548      8.696     17401090 
   124.133      4.645      8.695     40013684 
   124.134      8.699      8.696     71975056 
   124.146      1.743      8.693     13685335 
   124.150      4.447      8.695      9121435 
   124.151      1.345      8.699      8783702 
   124.178      3.181      8.698      2685367 
   124.185      3.872      8.700      3938947 
   124.204      4.997      8.861      6715548 
   124.204      8.327      8.857      5490956 
   124.209      8.868      8.861     55207756 
   124.221      1.661      8.858      8511696 
   124.226      4.640      8.861     20507720 
   124.233      3.993      8.859      9842972 
   124.248      4.123      8.854      7267769 
   124.250      1.796      8.860     13167365 
   124.269      0.499      8.860      7338636 
   124.331      1.080      8.848      3575380 
   125.258      3.109      8.142      9164953 
   125.340      4.620      8.150     24769612 
   125.714      7.179      9.040     15860077 
   125.715      2.558      9.040      7015412 
   125.715      9.037      9.038     86360976 
   125.721      2.964      9.042      5887250 
   125.724      1.089      9.040     39204484 
   125.738      3.868      9.045      5461176 
   125.739      3.740      9.040     10721764 
   125.740      0.579      9.041      6489589 
   125.745      8.055      9.040     11491993 
   125.746      0.054      9.040      7510380 
   128.202      7.029      9.443      3310651 
   128.241      1.954      9.434      5574409 
   128.245      7.508      9.434      4064510 
   128.248      4.650      9.439      8166040 
   128.254      1.703      9.432     12509901 
   128.255      0.756      9.435     16678740 
   128.262      9.431      9.435     78268464 
   128.265      4.051      9.434     34394720 
   128.270      8.263      9.436      8182352 
   128.277      1.590      9.434     12672774 
   128.282      0.996      9.436     10125127 
   128.290      7.936      8.375      6794754 
   128.299      1.864      8.374     19684202 
   128.302      4.372      8.373     28262118 
   128.304      0.917      8.375     23558026 
   128.305      1.392      8.374     77611144 
   128.305      8.376      8.373    312371584 
   128.307      4.206      8.374     88878488 
   128.308      8.691      9.435      3446544 
   128.494      8.870      8.860     14772726 
   128.500      4.492      8.864      5886897 
   128.505      4.233      8.860      7658242 
   128.534      1.817      8.859      4973984 
   128.615      1.424      8.864      3146411 
   129.437      2.973      9.170      7602378 
   129.444      4.943      9.183      7058370 
   129.444      9.171      9.175     72337928 
   129.446      0.952      9.175     31851480 
   129.449      1.824      9.175     15294473 
   129.449      4.043      9.176     38895752 
   129.458      1.587      9.176     14374194 
   129.471      7.067      9.181      3510202 
   129.488      7.787      9.176      5398909 
   130.494      7.552     10.999      3766700 
   130.503      2.912     10.995      3752718 
   130.504      7.292     11.010      6374583 
   130.511      0.509     10.999      2462816 